95
1 80 120 126 157 214 221 305 349 352 393 466 475 572 600 614 673 780 797 818 822 836 881 923 933 1039 1043 1074 1107 1350 1438 1450 1558 1573 1777 1801 1847 1943 1949 1982 2053 2129 2150 2197 2207 2208 2216 2224 2278 2360 2419 2531 2627 2634 2835 2837 2872 2885 2900 2940 2947 2984 3010 3036 3047 3147 3159 3271 3272 3284 3300 3425 3470 3558 3647 3717 3754 3818 3868 3887 3896 3937 3951 4079 4162 4214 4237 4347 4367 4405 4468 4520 4549 4620 4655 4691 4722 4769 4771 4817 4822 4832 4838 4870 4890 4995 4996 5001 5018 5021 5095 5229 5258 5342 5358 5498 5599 5657 5780 5798 5816 5870 5888 5999 6013 6133 6179 6193 6206 6339 6440 6459 6477 6553 6650 6659 6800 6817 6889 7126 7132 7162 7179 7241 7287 7320 7348 7449 7470 7490 7530 7542 7560 7613 7666 7677 7730 7759 7808 7827 7911 7916 7976 8069 8119 8179
2 20 81 242 286 467 570 637 731 775 887 897 912 1070 1099 1167 1170 1190 1207 1223 1332 1334 1415 1469 1603 1692 1823 1859 1880 1902 1905 1994 2114 2117 2186 2220 2225 2307 2414 2503 2528 2622 2847 2909 2917 3042 3114 3139 3179 3203 3207 3227 3323 3400 3538 3582 3630 3643 3710 3790 4010 4200 4234 4308 4321 4364 4564 4580 4625 4639 4654 4690 4692 4845 4902 4903 4911 5091 5267 5288 5425 5484 5529 5535 5626 5631 5735 5860 5970 6122 6127 6145 6147 6294 6367 6409 6451 6487 6526 6543 6552 6607 6714 6805 6963 7111 7137 7151 7294 7328 7364 7390 7401 7413 7423 7508 7644 7746 7782 7867 7941 7960 8163
3 12 189 264 538 546 873 1150 1471 1538 1556 1593 1617 1642 1834 1856 1921 2096 2134 2163 2256 2460 2489 2501 2542 2586 2597 2785 2878 2932 3315 3335 3342 3374 3429 3454 3513 3588 3872 3881 4614 4785 4858 4873 5097 5332 5510 5593 5640 5738 5793 5818 5933 6011 6144 6241 6317 6488 6504 6512 6652 6680 6812 6832 6971 7065 7147 7369 7634 7798 7813 7862 8050 8134
4 70 73 131 133 162 192 196 307 315 325 482 485 488 585 592 668 732 773 871 940 942 947 949 982 985 1010 1046 1071 1077 1129 1130 1201 1276 1378 1380 1385 1446 1502 1509 1527 1568 1596 1687 1878 1900 1904 1916 1941 1960 2015 2052 2095 2121 2176 2187 2280 2323 2400 2428 2504 2510 2566 2573 2630 2649 2713 2793 2814 2825 2846 2910 2951 2955 2956 3092 3102 3108 3119 3146 3208 3236 3276 3322 3432 3446 3455 3479 3490 3543 3560 3566 3597 3636 3680 3743 3828 3838 3905 3985 3993 3995 3998 4070 4071 4117 4160 4201 4209 4343 4392 4434 4436 4490 4494 4503 4518 4521 4527 4569 4630 4636 4675 4683 4721 4734 4853 4943 5004 5030 5131 5162 5180 5213 5224 5383 5405 5456 5458 5516 5559 5602 5692 5745 5777 5856 5865 5908 5917 5941 6043 6051 6151 6170 6248 6347 6509 6516 6550 6594 6604 6622 6624 6669 6695 6770 6984 7085 7125 7173 7298 7312 7447 7486 7497 7536 7557 7574 7591 7603 7724 7728 7735 7776 7930 7935 7956 8057 8083 8158 8180 8188
5 211 332 426 498 569 571 597 633 719 720 735 792 795 863 1122 1202 1284 1330 1367 1377 1386 1452 1455 1481 1522 1526 1754 1814 1884 2035 2038 2069 2086 2237 2309 2396 2512 2545 2565 2725 2742 2843 2943 3031 3261 3348 3379 3384 3408 3463 3504 3616 3633 3681 3690 4184 4210 4256 4287 4453 4512 4519 4533 4537 4593 4599 4641 4707 4764 4813 4901 5069 5114 5128 5204 5380 5381 5441 5556 5585 5587 5718 5759 5832 5911 6146 6188 6354 6362 6374 6378 6386 6447 6502 6824 6877 6905 6914 6979 6992 6996 7001 7005 7023 7114 7257 7452 7477 7479 7501 7543 7549 7741 7811 7828 7939 7963
6 50 65 144 145 150 203 212 255 269 272 276 302 359 382 457 477 483 495 543 624 666 694 695 721 804 815 868 907 934 1061 1062 1064 1127 1153 1154 1187 1211 1234 1257 1292 1419 1430 1434 1458 1464 1496 1601 1612 1618 1628 1633 1694 1739 1806 1845 1870 1871 1953 2132 2171 2181 2213 2273 2285 2393 2398 2433 2473 2505 2572 2676 2685 2772 2796 2806 2848 2861 2904 2908 3050 3083 3085 3121 3155 3166 3174 3200 3229 3245 3257 3288 3359 3360 3407 3411 3492 3567 3591 3671 3699 3721 3768 3782 3795 3857 3929 3959 3981 3984 4029 4101 4131 4145 4218 4241 4298 4301 4337 4341 4371 4410 4462 4514 4524 4540 4546 4567 4603 4615 4650 4651 4663 4689 4711 4856 4885 4891 4922 4932 4988 5000 5028 5092 5106 5115 5225 5256 5355 5422 5457 5492 5646 5693 5701 5762 5786 5862 5877 5898 5901 6003 6023 6024 6063 6074 6076 6094 6098 6107 6114 6180 6226 6254 6281 6302 6303 6395 6420 6476 6481 6524 6557 6564 6610 6821 6870 6941 6969 7003 7043 7054 7177 7210 7211 7280 7306 7409 7426 7448 7520 7534 7545 7548 7555 7575 7583 7650 7657 7690 7695 7696 7727 7749 7801 7844 7920 7922 7928 7959 7983 8059 8062 8079 8127 8137 8146 8161
7 232 442 581 659 829 1069 1080 1087 1717 1732 1790 1843 1928 2081 2082 2087 2240 2281 2395 2465 2509 2631 2679 2809 2857 2898 3239 3330 3601 4261 4422 4486 4744 4789 4924 5194 5546 5615 5653 5803 5827 6047 6067 6371 6381 6830 6943 7020 7116 7160 7180 7524 7676
8 27 31 99 100 122 146 341 445 494 532 547 736 786 801 810 906 999 1012 1126 1140 1261 1266 1268 1301 1495 1738 1793 1812 1826 1865 1875 1877 1970 1996 2022 2103 2205 2296 2359 2370 2498 2543 2625 2674 2739 2754 2759 2875 2973 2976 2989 3067 3098 3225 3324 3468 3783 3830 3891 3899 3952 4124 4149 4179 4254 4258 4320 4331 4374 4375 4398 4435 4442 4457 4538 4687 4750 4794 4887 4947 5093 5208 5235 5249 5303 5576 5580 5586 5633 5684 5697 5749 5750 5801 5938 6096 6139 6161 6220 6331 6379 6396 6439 6766 6809 6852 6908 7027 7110 7201 7402 7434 7474 7500 7535 7682 7771 7859 7973 8187
9 37 38 43 137 199 420 455 493 608 628 763 848 890 981 1020 1029 1057 1094 1233 1253 1467 1519 1575 1580 1775 1849 1851 1867 1872 1912 1935 1945 1971 1986 1992 2062 2154 2214 2221 2263 2274 2407 2482 2610 2618 2663 2790 2820 2930 3068 3111 3218 3232 3234 3253 3306 3663 3704 3735 3807 3809 3913 3928 3940 3953 3960 3971 4060 4087 4112 4220 4225 4264 4350 4399 4440 4566 4684 4714 4917 4946 4948 4990 5007 5067 5088 5096 5098 5107 5189 5385 5462 5523 5617 5671 5845 5867 5881 5929 5964 5977 6017 6053 6084 6091 6152 6202 6242 6273 6421 6473 6635 6646 6682 6725 6761 6828 6848 7113 7244 7274 7301 7365 7392 7400 7455 7539 7615 7628 7656 7672 7713 7764 7908 7962 8043 8185
10 14 54 74 83 168 180 317 346 380 473 492 568 580 697 757 769 830 898 937 996 1005 1139 1193 1281 1286 1293 1399 1418 1461 1576 1579 1700 1736 1828 1962 2036 2215 2232 2246 2265 2282 2303 2321 2330 2413 2454 2459 2534 2581 2614 2621 2786 2807 2876 2896 2959 2979 3000 3007 3387 3409 3414 3461 3472 3506 3767 3774 3977 4034 4052 4091 4194 4273 4317 4345 4396 4570 4591 4660 4665 4668 4761 4790 4864 4945 4978 4985 5051 5052 5061 5119 5125 5127 5222 5310 5448 5481 5495 5524 5603 5690 5704 5926 5935 5990 6097 6153 6224 6330 6366 6376 6469 6510 6578 6736 6743 6755 6786 6799 6834 6940 6946 6960 7050 7206 7307 7366 7385 7484 7494 7505 7537 7578 7601 7622 7654 7655 7668 7843 7890 7948 7966 8085 8091 8128
11 29 94 251 303 334 377 448 480 518 548 595 642 675 833 879 939 980 1068 1091 1199 1208 1264 1426 1674 1723 1735 1766 1789 1848 1917 1925 1946 2027 2061 2108 2131 2143 2157 2260 2313 2420 2540 2695 2734 2746 2758 2783 2933 3028 3055 3196 3201 3206 3228 3251 3355 3437 3524 3766 3772 3832 4263 4289 4305 4340 4556 4559 4669 4804 4824 4841 4930 4967 4993 5070 5120 5201 5220 5257 5274 5296 5350 5676 5726 5753 5773 5979 5993 6251 6270 6315 6414 6446 6448 6667 6694 6707 6896 7086 7148 7225 7300 7338 7640 8018 8165
13 96 112 169 481 589 623 672 1015 1019 1214 1224 1249 1254 1277 1475 1546 1564 1588 1795 1853 2162 2279 2342 2411 2641 2669 2829 3316 3445 3509 3865 3961 4077 4322 4377 4404 4465 4469 4489 4502 4550 4703 4846 4935 5155 5238 5255 5305 5335 5376 5395 5571 5772 5775 5863 5954 5981 6068 6118 6513 6587 6700 6738 6878 7080 7236 7276 7373 7425 7774 7852 7864 7866 7965 8025 8040 8063 8106 8144
15 165 175 282 351 424 453 535 596 656 698 816 832 974 1042 1173 1269 1271 1295 1473 1567 1582 1718 1763 1807 1977 1983 2182 2212 2228 2295 2315 2391 2464 2490 2526 2629 2770 2844 2877 2915 2928 3014 3213 3391 3502 3511 3564 3791 3800 3863 3882 3883 3954 4005 4126 4182 4193 4267 4304 4458 4582 4756 4799 4900 4937 4961 4977 4998 5022 5047 5071 5266 5336 5337 5503 5654 5744 5811 5831 5849 5924 5961 5973 5982 6032 6042 6048 6124 6129 6230 6239 6262 6276 6463 6506 6563 6571 6584 6595 6631 6649 6672 6688 6730 6742 6906 6913 6985 7009 7021 7053 7061 7093 7095 7161 7186 7263 7279 7293 7296 7341 7420 7732 7763 7791 7905 8094
16 111 119 139 186 248 294 306 314 365 374 385 408 410 511 549 686 707 752 770 772 819 825 827 853 899 917 938 972 1006 1067 1142 1158 1183 1226 1235 1278 1294 1407 1428 1489 1565 1581 1639 1659 1681 1683 1760 1781 1787 1861 1893 2002 2020 2030 2078 2201 2218 2283 2288 2364 2377 2394 2425 2468 2477 2563 2603 2608 2623 2756 2777 2965 2986 2987 3021 3040 3071 3104 3128 3151 3172 3177 3237 3267 3285 3309 3329 3362 3412 3413 3442 3512 3542 3583 3611 3613 3632 3644 3646 3705 3716 3749 3846 3879 3895 3917 3974 4007 4039 4151 4276 4344 4388 4401 4414 4425 4461 4463 4467 4485 4535 4555 4563 4577 4610 4727 4730 4747 4770 4871 4892 4955 4959 4984 5040 5076 5087 5179 5221 5278 5340 5396 5403 5406 5428 5499 5568 5600 5618 5658 5673 5764 5785 5808 5842 5846 5872 5887 5947 5967 5972 6006 6083 6090 6175 6178 6200 6370 6380 6411 6441 6499 6520 6521 6539 6562 6580 6586 6651 6664 6717 6748 6756 6764 6769 6788 6798 6895 6917 6945 6961 6962 6998 7098 7208 7258 7321 7368 7403 7411 7433 7436 7504 7512 7544 7588 7612 7671 7689 7786 7793 7823 7887 7927 7970 8051 8130
17 93 324 330 331 340 413 446 468 534 551 669 922 1045 1141 1184 1215 1335 1394 1498 1551 1605 1657 1714 1720 1733 1757 1813 1975 2001 2018 2019 2025 2041 2073 2088 2297 2351 2474 2511 2532 2575 2576 2585 2590 2654 2655 2733 2789 2948 3268 3311 3430 3574 3575 3620 3675 3692 3714 3722 3752 3759 3799 3820 3834 3888 3942 3983 4021 4030 4513 4553 4725 4739 4751 4783 4784 4812 4923 5050 5057 5154 5243 5360 5399 5400 5414 5417 5435 5480 5513 5555 5795 5896 5906 5931 5936 5949 6004 6005 6143 6154 6155 6168 6177 6182 6256 6377 6387 6497 6541 6567 6774 6886 6955 7101 7250 7283 7304 7305 7446 7480 7506 7509 7551 7571 7607 7618 7716 7785 7837 7865 7900 7921 7982 8007 8045 8084 8120
18 170 220 363 464 603 970 979 1143 1166 1395 1404 1439 1470 1571 1623 1648 1669 1762 1854 1911 1966 2013 2112 2119 2248 2293 2494 2495 2651 2678 2775 2815 2818 2923 2946 3084 3089 3273 3301 3339 3378 3435 3496 3579 3640 3796 3813 3821 3862 3886 4444 4666 4807 4810 4975 5109 5126 5203 5211 5252 5264 5280 5286 5433 5489 5507 5584 5927 6018 6065 6069 6099 6105 6158 6284 6313 6333 6406 6489 6569 6589 6740 7017 7105 7171 7190 7323 7463 7467 7492 7498 7540 7743 7870 7978 8014 8047
19 173 287 313 339 397 630 634 687 706 715 727 729 876 952 969 971 991 1081 1105 1168 1169 1197 1225 1247 1347 1363 1383 1472 1586 1663 1979 1987 2000 2094 2115 2116 2174 2185 2227 2264 2317 2318 2363 2371 2373 2376 2378 2446 2478 2506 2523 2580 2802 2833 2894 2954 2981 3043 3044 3086 3110 3171 3205 3238 3298 3371 3404 3431 3441 3488 3508 3536 3679 3731 3775 3779 3797 3808 3816 3824 3901 4017 4035 4056 4114 4163 4186 4208 4351 4421 4506 4598 4733 4916 4938 5019 5074 5226 5242 5247 5319 5377 5445 5473 5521 5542 5567 5886 5892 5932 6088 6089 6166 6231 6240 6307 6309 6351 6357 6364 6403 6412 6494 6523 6613 6699 6729 6826 6845 6868 6935 7055 7079 7138 7152 7185 7252 7299 7372 7387 7396 7430 7478 7619 7680 7705 7824 7897 7924 8008 8072 8081 8089 8140 8168 8183
21 55 75 241 370 439 606 609 664 683 747 838 841 921 924 935 944 950 958 968 1051 1095 1112 1144 1287 1384 1485 1512 1701 1719 1818 1882 1890 1896 2048 2076 2118 2172 2222 2443 2537 2550 2554 2613 2638 2851 3005 3079 3154 3209 3243 3269 3396 3422 3493 3521 3546 3556 3604 3659 3707 3739 3798 3836 3839 3927 4066 4072 4243 4384 4466 4584 4697 4731 4754 4787 4831 4953 5122 5144 5158 5364 5541 5561 5644 5683 5696 5728 5729 5871 5957 6037 6041 6117 6285 6316 6348 6385 6428 6511 6590 6862 6864 6883 6939 7081 7183 7199 7288 7629 7685 7708 7800 7880 7971 8023 8131 8139 8167
22 46 113 123 207 323 434 489 507 883 910 1002 1028 1049 1100 1239 1336 1392 1445 1494 1695 1697 1751 1779 1797 1920 2017 2135 2175 2252 2426 2435 2488 2693 2710 2729 2803 2850 2887 2892 3112 3123 3292 3733 3804 3911 4006 4092 4323 4336 4361 4420 4472 4516 4589 4726 4815 4936 5080 5134 5161 5270 5446 5451 5482 5485 5637 5714 5725 6036 6187 6343 6346 6728 6780 6815 6920 6948 6988 7013 7019 7388 7621 7754 7788 7807 7901 7926 7932 7975 8115 8142
23 160 216 237 456 510 512 629 834 905 918 1152 1406 1487 1555 1597 1602 1604 1645 1667 1796 1964 2008 2203 2345 2736 2812 3526 3552 3695 3701 3861 3877 3908 4037 4141 4167 4180 4403 4428 4497 4648 4705 4716 4746 4836 4863 4909 4972 5164 5352 5371 5404 5558 5635 5746 5835 5850 5980 6030 6120 6280 6295 6361 6547 6596 6609 6724 6757 6758 6865 6885 6983 7196 7379 7462 7466 7516 7566 7596 7611 7662 7736 7969 8178 8181
24 61 118 129 247 285 373 501 574 631 632 670 802 821 851 1053 1189 1203 1289 1375 1408 1457 1479 1562 2024 2056 2138 2217 2441 2458 2570 2722 2774 2852 2888 2912 2921 2982 2993 3032 3115 3222 3244 3249 3270 3304 3554 3634 3738 3963 4157 4158 4282 4307 4360 4439 4596 4602 4837 4854 4973 5102 5315 5331 5553 5590 5632 5752 5829 5859 5891 6219 6258 6292 6329 6437 6438 6484 6500 6527 6533 6585 6619 6638 6671 6720 6741 7026 7038 7242 7389 7442 7563 7590 7643 7698 7703 7757 7831 7893 7951 8027 8148 8172 8176
25 104 204 222 256 322 367 422 469 587 594 751 766 807 811 828 852 894 960 967 976 1034 1101 1181 1362 1598 1686 1691 1709 1752 1862 1944 1967 2043 2050 2153 2250 2605 2636 2653 2769 2906 2911 2924 2953 2957 3097 3145 3293 3297 3353 3426 3487 3622 3678 3691 3769 3787 3841 3934 3979 3987 4004 4008 4031 4051 4074 4096 4206 4217 4255 4268 4324 4536 4572 4609 4623 4631 4672 4713 4823 4828 4907 4929 4951 5012 5035 5068 5084 5159 5339 5421 5431 5512 5557 5560 5659 5667 5711 5758 5814 5830 5952 6054 6108 6128 6278 6341 6345 6393 6408 6479 6776 6873 6973 6994 7049 7128 7133 7198 7203 7359 7458 7511 7513 7573 7587 7597 7624 7670 7697 7745 7766 7848 7872 7919 7988 8011 8104 8110 8175
26 88 151 166 176 288 372 476 503 607 641 767 777 796 954 1001 1022 1086 1135 1171 1191 1218 1245 1302 1311 1369 1373 1413 1500 1537 1661 1676 1808 1891 1931 1936 2032 2055 2106 2122 2198 2230 2245 2255 2259 2341 2472 2620 2692 2705 2916 2936 2970 3051 3087 3144 3242 3287 3363 3475 3535 3584 3610 3639 3661 3684 3829 3856 3867 3870 4026 4073 4108 4154 4259 4274 4573 4578 4679 4774 4826 5121 5215 5370 5468 5490 5540 5579 5612 5623 5672 5682 5698 5742 5790 6049 6058 6253 6279 6301 6392 6398 6422 6430 6453 6491 6535 6657 6701 6708 6888 6947 7112 7134 7313 7327 7337 7345 7503 7538 7667 7778 7825 7886 7923 7944 8013 8032 8034 8049
28 44 52 84 89 132 172 184 218 230 249 407 416 429 479 523 525 526 565 712 733 857 858 930 932 989 1038 1109 1125 1272 1316 1337 1478 1532 1534 1624 1644 1675 1725 1825 1841 1932 1933 1951 1993 2054 2080 2090 2144 2164 2170 2209 2210 2269 2275 2388 2516 2525 2574 2583 2607 2624 2657 2675 2688 2689 2902 2972 3008 3125 3163 3274 3317 3433 3483 3562 3577 3587 3598 3627 3713 3765 3826 3837 3966 3999 4012 4054 4055 4093 4233 4295 4326 4353 4407 4413 4429 4594 4693 4706 4905 5044 5055 5064 5133 5137 5147 5182 5200 5217 5262 5326 5390 5394 5434 5461 5488 5494 5517 5544 5578 5592 5594 5713 5763 5765 5788 5807 5847 5882 5976 5983 5997 6130 6135 6149 6173 6184 6185 6218 6263 6468 6514 6522 6560 6641 6658 6684 6698 6706 6713 6857 6918 6956 7018 7036 7047 7100 7103 7139 7144 7182 7251 7269 7531 7550 7553 7701 7753 7762 7814 7850 7984 7989 8012 8071
30 327 381 472 552 573 774 847 856 931 1075 1131 1366 1548 1771 1774 2165 2229 2267 2538 2555 2599 2648 2980 3077 3140 3165 3190 3247 3325 3326 3537 3541 3698 3892 3969 4171 4310 4699 4999 5041 5146 5177 5193 5387 5665 5706 5715 5730 6082 6542 6611 6629 6647 6904 6944 7094 7153 7194 7214 7440 7481 7499 7709 7718 7991 8033 8166 8173
32 95 116 156 187 225 344 449 470 527 582 611 680 688 689 805 874 1216 1273 1476 1511 1608 1664 1745 1948 2014 2028 2031 2067 2098 2125 2270 2276 2380 2440 2611 3011 3012 3029 3072 3130 3157 3314 3473 3572 3578 3770 3907 4018 4187 4229 4743 4762 4855 4910 4934 4991 5054 5170 5190 5313 5347 5363 5436 5463 5476 5643 5875 5903 6022 6086 6210 6257 6288 6321 6360 6461 6592 6640 6751 6796 7084 7104 7136 7215 7309 7485 7750 7845 7857 8002
33 69 347 461 463 515 517 578 685 690 749 896 956 959 1103 1164 1230 1339 1393 1416 1646 1682 1821 2107 2258 2332 2418 2642 2720 2797 2866 2897 3006 3009 3188 3372 3655 3662 3724 3757 3924 4024 4042 4250 4251 4286 4395 4501 4634 4646 4662 4773 4801 5045 5166 5444 5703 5705 5800 5841 5899 5916 6066 6109 6134 6324 6359 6778 6810 6974 7099 7108 7189 7248 7370 7432 7496 7580 7699 7779 7854 7943 8003 8055 8070
34 59 138 406 450 460 508 928 1008 1014 1083 1097 1146 1262 1312 1398 1427 1550 1578 1616 1671 1772 1836 1958 1972 1990 2058 2202 2257 2268 2301 2327 2589 2619 2832 2840 2859 3001 3160 3173 3198 3230 3364 3377 3398 3424 3459 3497 3501 3539 3670 3835 3946 4050 4053 4110 4119 4134 4213 4222 4248 4269 4357 4409 4480 4487 4548 4560 4583 4607 4724 4740 4857 4997 5024 5033 5037 5129 5192 5285 5373 5427 5478 5509 5656 5675 5719 5855 5989 6061 6106 6110 6201 6215 6332 6375 6400 6424 6432 6452 6480 6490 6678 6693 6825 7035 7273 7346 7572 7651 7722 7739 7742 7751 7760 7789 7832 7863 7899 7902 7990 8087 8145
35 47 260 318 383 447 513 593 649 682 699 708 764 823 864 867 889 1040 1044 1205 1275 1318 1322 1361 1432 1477 1491 1611 1641 1666 1930 1957 1974 2042 2066 2173 2223 2421 2437 2457 2521 2600 2604 2628 2682 2716 2761 2821 2905 2922 2931 3054 3073 3122 3137 3167 3180 3423 3563 3645 3687 3734 3771 3866 3900 4020 4078 4097 4113 4239 4342 4352 4356 4363 4383 4394 4397 4427 4449 4504 4509 4585 4720 4742 4830 4894 4944 5043 5261 5276 5294 5306 5320 5384 5423 5453 5465 5487 5545 5563 5583 5624 5628 5634 5727 5748 5806 5839 5858 5992 6115 6119 6214 6269 6355 6470 6531 6731 6732 6835 6866 6887 6899 6924 6970 7012 7060 7167 7235 7393 7556 7599 7720 7756 7882 7949 8036 8126
36 60 127 141 154 208 257 281 348 379 484 529 703 902 1148 1319 1456 1574 1585 1587 1976 2068 2383 2402 2475 2558 2768 2788 2855 2862 2939 3106 3263 3296 3333 3346 3347 3394 3460 3544 3593 3657 3763 3845 3855 3939 4368 4411 4424 4534 4557 4613 4664 4673 4677 4688 4694 4723 4933 4966 5168 5290 5297 5410 5411 5419 5472 5501 5577 5757 5789 5813 5943 6033 6092 6116 6176 6238 6247 6274 6277 6429 6554 6575 6603 6606 6621 6653 6679 6753 6754 6814 7016 7048 7056 7057 7071 7119 7227 7291 7335 7391 7450 7527 7546 7564 7802 7816 7907 7957 7994 8024 8060
39 356 384 635 771 785 1113 1228 1315 1583 1613 1679 1729 2316 2326 2375 2578 2645 2778 2853 2935 3532 3559 3585 3606 3614 3651 4136 4153 4156 4164 4183 4188 4285 4376 4667 5039 5100 5184 5367 5515 5588 5826 5893 6060 6648 7246 7796 8103 8162
40 57 64 140 195 250 254 304 333 395 506 550 559 692 743 744 808 824 849 1041 1111 1161 1280 1344 1346 1382 1497 1516 1553 1566 1577 1594 1600 1650 1688 1698 1721 1724 1740 1743 1788 1794 1803 1819 1820 1894 1901 1923 2016 2064 2219 2355 2409 2422 2456 2471 2484 2517 2533 2541 2564 2588 2697 2701 2704 2706 2813 2842 2863 2926 2975 3017 3126 3135 3161 3189 3194 3356 3499 3551 3653 3720 3726 3740 3750 3756 3794 3840 3875 3884 3902 3950 3994 4040 4067 4103 4109 4130 4173 4189 4199 4205 4215 4216 4232 4284 4288 4290 4318 4366 4406 4452 4532 4600 4661 4686 4695 4710 4760 4792 4798 4806 4809 4842 4866 4941 4960 5056 5066 5145 5173 5223 5273 5277 5317 5330 5345 5502 5533 5575 5670 5691 5754 5783 5797 5840 5843 5864 5902 6010 6103 6142 6150 6159 6207 6212 6250 6287 6296 6322 6337 6515 6529 6668 6705 6719 6746 6759 6783 6819 6840 6858 6874 6882 6951 6972 7010 7040 7073 7090 7123 7127 7145 7222 7245 7261 7270 7356 7473 7488 7491 7558 7653 7707 7721 7725 7783 7810 7835 7842 7964 8004 8098 8101 8174 8189
41 67 124 354 505 650 722 787 862 997 1063 1117 1229 1400 1447 1508 1515 1539 1707 1840 1950 1952 1988 2077 2092 2126 2156 2238 2322 2384 2431 2467 2500 2644 2750 2824 2874 2882 2945 2997 3022 3081 3082 3109 3168 3283 3286 3361 3365 3383 3421 3592 3626 3810 3912 3933 4059 4063 4068 4161 4228 4231 4262 4297 4316 4327 4346 4443 4451 4477 4568 4608 4674 4782 4862 4906 4919 4921 5181 5308 5341 5375 5432 5442 5491 5591 5597 5616 5639 5679 5688 5766 5767 5928 6072 6123 6197 6234 6389 6445 6548 6570 6615 6712 6747 6777 6872 6907 7052 7088 7096 7141 7221 7224 7226 7268 7381 7459 7465 7514 7604 7659 7784 7809 7858 7917 7946 7993 8117 8191
42 45 71 78 135 164 193 219 268 277 290 297 312 389 394 474 514 613 647 718 726 748 756 782 809 872 946 951 983 988 1017 1024 1078 1088 1240 1303 1328 1374 1482 1528 1619 1660 1662 1693 1696 1708 1769 1827 1855 1980 2100 2356 2438 2557 2615 2635 2639 2665 2773 3020 3048 3093 3278 3500 3576 3637 3709 3745 3897 4028 4036 4038 4098 4127 4277 4334 4616 4884 4982 5038 5206 5293 5466 5486 5609 5880 5986 6000 6138 6204 6305 6327 6340 6388 6525 6530 6632 6842 6898 6919 6931 7140 7204 7262 7361 7415 7461 8044 8097 8171
48 53 108 114 125 183 194 228 293 301 536 652 913 1004 1018 1073 1237 1297 1355 1376 1401 1474 1504 1505 1531 1541 1632 1651 1835 1837 1839 1866 1874 1919 1995 2029 2145 2158 2368 2450 2686 2698 2700 2749 2762 2816 2864 2881 2884 3058 3063 3153 3183 3279 3295 3321 3338 3352 3440 3505 3703 3728 3747 3762 3803 4085 4090 4270 4339 4575 4579 4829 4875 4925 4989 5009 5108 5150 5160 5195 5202 5210 5439 5474 5562 5669 5934 5939 5991 6008 6009 6040 6055 6085 6148 6199 6308 6415 6579 6608 6643 6689 6803 6822 6999 7063 7074 7150 7303 7464 7487 7525 7562 7569 7609 7649 7812 7898 8021 8108 8149
49 155 200 206 252 262 321 386 496 521 556 561 655 671 693 696 765 776 779 835 880 964 973 1033 1132 1244 1246 1305 1405 1449 1463 1525 1655 1702 1764 1955 1963 1981 2046 2124 2136 2184 2188 2239 2389 2439 2507 2522 2593 2703 2738 2913 2977 2983 3066 3118 3221 3246 3264 3449 3565 3596 3618 3685 3737 3773 3962 3992 4014 4058 4061 4076 4165 4221 4475 4544 4551 4653 4696 4748 4772 4869 4883 4886 4950 4980 5008 5148 5209 5231 5233 5244 5289 5349 5354 5430 5511 5534 5636 5732 5737 5791 5809 5833 5962 6031 6070 6095 6266 6289 6336 6356 6384 6464 6471 6538 6637 6691 6739 6808 6813 6836 6849 6909 6938 7014 7024 7042 7069 7118 7192 7265 7331 7360 7377 7384 7489 7519 7523 7582 7626 7712 7806 7817 7860 7985 8029 8031 8143 8154
51 143 148 198 236 240 291 298 342 364 375 412 444 502 545 583 663 713 790 966 995 1047 1119 1138 1151 1196 1213 1283 1298 1300 1309 1345 1358 1359 1360 1364 1412 1460 1484 1712 1770 1776 1829 1831 1888 1908 1909 1934 2011 2065 2070 2353 2405 2442 2448 2480 2546 2719 2723 2727 2791 2831 2865 3045 3065 3069 3074 3170 3258 3294 3334 3370 3386 3393 3402 3462 3503 3540 3605 3609 3656 3660 3669 3764 3788 3793 3906 3935 3938 4001 4027 4047 4095 4132 4211 4309 4314 4354 4400 4416 4481 4484 4576 4629 4685 4704 4939 5002 5103 5118 5152 5178 5198 5253 5300 5322 5351 5505 5522 5543 5550 5582 5854 5958 5959 5987 6001 6016 6039 6080 6093 6131 6252 6271 6443 6449 6577 6602 6675 6749 6923 6936 6967 6978 7011 7058 7238 7284 7295 7311 7334 7355 7404 7468 7568 7620 7684 7693 7702 7731 7775 7803 7936 8092 8112
56 58 190 253 390 753 788 840 990 1009 1021 1089 1134 1492 1622 1750 1785 1822 1873 2010 2169 2277 2381 2535 2592 3193 3332 3420 3480 3561 3580 3730 3801 3831 4212 4571 4834 4867 4898 4981 5048 5124 5234 5250 5287 5450 5740 5805 5819 5828 5897 6087 6194 6352 6363 6401 6433 6478 6598 6697 6716 6782 6789 6807 6860 7028 7078 7231 7272 7332 7352 7521 7669 7679 7691 7792 7885 8150 8151
62 92 238 280 336 490 555 563 590 684 789 882 957 961 977 1092 1157 1209 1282 1324 1331 1396 1424 1448 1517 1755 1804 1947 1984 2740 2745 2755 2779 2784 2889 2899 2934 2958 2971 3039 3053 3340 3389 3466 3476 3518 3549 3683 3822 3945 3997 4169 4207 4622 4728 4974 4983 5029 5060 5113 5311 5416 5518 5598 5642 6056 6132 6137 6450 6460 6573 6654 6765 6853 7217 7354 7419 7428 7547 7593 7692 7726 7765 7770 7909 7952 7955 7961 8022 8066 8105 8114
63 91 142 174 182 223 259 279 309 360 400 465 522 528 562 575 616 640 646 665 717 738 762 768 806 814 877 911 925 1000 1007 1011 1072 1186 1238 1258 1267 1308 1326 1357 1388 1422 1444 1465 1543 1595 1635 1636 1672 1699 1731 1810 1914 1922 1940 1968 2026 2040 2051 2120 2130 2190 2193 2235 2254 2271 2294 2335 2338 2339 2416 2436 2493 2513 2527 2536 2560 2569 2582 2708 2718 2780 2868 2920 2950 2963 2964 2988 2995 3023 3101 3138 3142 3152 3169 3186 3187 3265 3307 3369 3419 3452 3456 3525 3545 3557 3603 3702 3748 3781 3814 3817 3849 3850 3864 3869 3874 3909 3941 3956 3989 4065 4081 4104 4135 4198 4252 4265 4271 4280 4306 4370 4372 4378 4417 4455 4529 4545 4587 4590 4647 4657 4658 4678 4709 4732 4865 4882 4918 4926 4979 5090 5245 5259 5302 5316 5327 5338 5348 5392 5412 5530 5607 5660 5666 5770 5771 5799 5883 5895 5904 5907 5951 5996 6035 6052 6101 6126 6169 6171 6191 6297 6300 6335 6404 6413 6465 6472 6519 6559 6597 6616 6785 6827 6838 6911 6926 6927 6968 6993 7007 7046 7115 7131 7202 7205 7240 7254 7266 7286 7302 7326 7367 7405 7422 7460 7469 7554 7585 7641 7687 7706 7711 7733 7834 7889 7903 7974 7981 7986 7996 8075 8125 8164
66 153 239 274 392 409 415 423 519 920 1093 1110 1156 1204 1356 1563 1665 1703 1832 1956 2021 2102 2551 2735 2771 2836 2907 2937 2942 2966 3002 3003 3220 3282 3494 3514 4041 4102 4172 4433 4445 4482 4605 4768 4814 4851 4877 4994 5010 5079 5089 5112 5139 5183 5185 5230 5279 5610 5677 5686 5853 6015 6027 6198 6205 6237 6265 6293 6311 6710 6718 6726 6735 6851 6930 7067 7164 7165 7362 7438 7526 7683 7694 7820 7896 7925 7979 8064 8111 8121
68 79 136 266 357 387 462 504 524 604 610 620 667 724 885 943 962 1159 1182 1222 1231 1436 1629 1713 1749 1768 1773 1864 1883 1913 1959 2241 2357 2401 2408 2444 2470 2502 2577 2664 2670 2672 2694 2794 2918 2941 3099 3132 3185 3350 3428 3693 3696 3805 3823 3843 3894 4000 4033 4111 4120 4140 4238 4328 4379 4382 4390 4565 4635 4752 4753 4965 5073 5101 5140 5284 5292 5307 5314 5391 5408 5413 5469 5531 5570 5648 5668 5674 5678 5685 5844 5919 6014 6057 6209 6304 6314 6372 6565 6581 6626 6709 6897 6942 6958 6964 6990 7041 7082 7142 7146 7264 7319 7371 7576 7579 7584 7589 7594 7636 7729 7794 7818 7847 7851 7945 8118
72 105 117 177 345 361 388 438 478 520 567 643 644 750 826 1037 1174 1217 1414 1554 1557 1614 1621 1761 1780 1889 2045 2085 2161 2243 2300 2325 2329 2386 2449 2476 2481 2487 2568 2595 2616 2658 2662 2666 2673 2690 2709 2724 2763 2799 2838 2967 3059 3095 3116 3117 3162 3181 3211 3216 3280 3281 3354 3397 3471 3495 3581 3746 3811 3819 3854 3988 4152 4174 4236 4275 4338 4373 4380 4423 4456 4528 4595 4642 4797 4868 4931 4963 4992 5046 5135 5138 5188 5216 5281 5374 5402 5415 5424 5470 5614 5621 5834 6163 6186 6326 6353 6442 6556 6605 6633 6636 6656 6801 6802 6846 6875 6954 7089 7207 7229 7233 7267 7353 7375 7382 7429 7529 7608 7637 7663 7761 7861 7912
76 115 258 337 355 411 451 584 588 601 654 728 758 891 1031 1136 1155 1163 1307 1321 1410 1443 1533 1536 1670 1710 1748 1798 1910 1937 2044 2074 2140 2142 2146 2179 2337 2346 2453 2529 2633 2707 2711 2717 2808 2883 2893 2895 3070 3313 3328 3381 3406 3436 3443 3458 3484 3485 3573 3666 3677 3760 3761 3833 3871 3889 3915 4009 4064 4069 4100 4166 4170 4266 4362 4412 4510 4523 4530 4588 4592 4601 4611 4626 4681 4717 4766 4786 4788 4872 4954 5003 5123 5197 5205 5328 5362 5429 5467 5528 5663 5664 5734 5774 5857 5900 5988 6046 6062 6064 6078 6183 6283 6310 6365 6391 6486 6551 6576 6588 6723 6763 6855 7059 7129 7175 7195 7253 7374 7408 7441 7445 7475 7541 7592 7595 7638 7664 7686 7815 7871 7977 8017 8038 8088 8123
77 152 231 278 310 328 427 458 471 530 539 577 618 648 711 813 861 901 994 1048 1341 1493 1545 1610 1887 1903 2009 2033 2037 2308 2350 2445 2609 2640 2647 2677 2683 2691 2714 2741 2781 2817 2962 3013 3027 3080 3103 3250 3403 3481 3519 3619 3621 3694 3711 3727 3916 3943 3965 3967 4025 4043 4080 4190 4446 4450 4498 4638 4741 4755 4821 5025 5228 5251 5254 5318 5389 5418 5525 5547 5611 5700 5710 5712 5717 6020 6174 6216 6233 6243 6272 6373 6655 6767 6806 6856 6949 6966 7155 7357 7358 7623 7625 7768 7769 7884 8030 8147
82 358 452 459 560 627 636 778 955 986 1013 1090 1104 1108 1259 1535 1570 1727 1758 1830 1852 1927 1938 1965 2034 2233 2390 2587 2661 2823 2871 2886 3337 3410 3482 3516 3594 3635 3715 3893 3919 4083 4088 4272 4278 4408 4459 4479 4621 4749 4779 4825 4840 4956 5031 5034 5130 5136 5196 5240 5437 5874 5953 5994 6025 6045 6192 6334 6397 6405 6426 6501 6505 6508 6574 6660 6791 6847 7209 7343 7406 7417 7773 7795 7914 8170
85 181 283 338 376 418 431 435 714 798 860 936 1023 1030 1079 1098 1147 1165 1172 1179 1200 1212 1338 1420 1441 1510 1634 1678 1737 1786 1802 1879 1886 1892 1915 1929 1978 2075 2093 2167 2192 2231 2291 2336 2367 2399 2463 2561 2571 2596 2632 2860 2867 2879 2919 2938 2961 3049 3129 3178 3204 3219 3262 3319 3349 3357 3382 3489 3531 3533 3586 3623 3664 3668 3725 3780 3789 3812 3848 3853 3914 3931 3936 3975 3976 3982 4015 4032 4048 4137 4175 4191 4224 4294 4303 4385 4402 4505 4526 4542 4632 4645 4738 4757 4835 4849 4850 4928 4958 5020 5077 5157 5304 5329 5361 5447 5449 5549 5551 5573 5681 5699 5778 5810 5852 5884 5905 5998 6160 6267 6275 6350 6383 6423 6435 6492 6537 6704 6727 6781 6869 6884 6894 6925 6976 7008 7025 7032 7130 7169 7172 7212 7281 7324 7386 7418 7631 7645 7673 7678 7839 7869 7915 8039 8058 8080 8086 8099 8136
86 158 234 329 396 405 414 419 443 533 542 553 591 619 740 745 754 869 992 1175 1220 1263 1291 1299 1387 1390 1402 1423 1466 1521 1524 1547 1569 1592 1615 1668 1673 1756 1809 1842 1868 1918 1989 2183 2204 2253 2333 2404 2406 2412 2429 2485 2497 2646 2668 2671 2782 2880 2901 2927 3038 3091 3158 3175 3217 3226 3444 3520 3530 3547 3553 3615 3667 3736 3751 3859 3885 3926 3964 4133 4196 4203 4219 4245 4300 4319 4483 4581 4586 4618 4649 4712 4778 4803 4805 4839 4952 5006 5011 5075 5078 5085 5344 5353 5359 5365 5398 5420 5452 5477 5496 5537 5572 5574 5613 5756 5760 5837 5848 5912 5942 6002 6021 6026 6050 6071 6113 6245 6246 6299 6390 6454 6462 6493 6503 6618 6628 6644 6662 6677 6744 6900 7107 7156 7158 7187 7193 7277 7453 7502 7598 7610 7819 7833 7868 7950 7958 7995 8046 8056 8061 8067 8159 8177
87 159 171 246 326 399 544 626 800 904 926 1003 1162 1313 1314 1317 1391 1514 1599 1625 1656 1689 2060 2072 2089 2127 2324 2343 2403 2451 2519 2553 2643 2728 2826 3100 3224 3259 3336 3351 3366 3447 3641 3648 3990 4118 4125 4129 4143 4381 4474 4715 4874 4914 5062 5212 5312 5393 5443 5464 5500 5519 5548 5689 5722 5733 5736 5751 5812 5914 5956 5995 6112 6162 6190 6221 6229 6368 6407 6425 6482 6676 6818 6910 6977 6982 6986 7034 7159 7191 7243 7344 7351 7363 7410 7412 7439 7738 7997 8005 8096 8113
90 97 179 217 289 296 430 440 755 884 1124 1251 1329 1486 1488 1782 1961 2039 2226 2455 2461 2469 2548 2715 2795 2960 3136 3212 3522 3642 3673 3742 3758 3776 4089 4099 4107 4168 4292 4302 4358 4418 4470 4561 4628 4719 4897 4904 4913 4970 5023 5248 5260 5265 5455 5459 5552 5638 5779 5824 5889 5946 6227 6495 6599 6625 6881 6902 6928 7044 7075 7102 7223 7322 7414 7424 7606 7617 7717 7878 7999 8074 8155
98 308 540 605 658 660 710 759 781 870 1025 1026 1116 1243 1290 1649 1684 1706 2063 2111 2547 2656 2828 2929 3025 3105 3277 3344 3415 3595 3697 3729 3860 3920 3958 4016 4142 4240 4525 4640 4680 4736 5005 5036 5083 5116 5321 5401 5479 5508 5520 5564 5569 5589 5605 5655 5662 5707 5708 5940 6121 6232 6235 6236 6261 6312 6696 6850 6880 6890 7004 7091 7092 7124 7297 7350 7395 7398 7421 7577 7787 8015
101 369 417 1177 1192 1320 1742 1792 2084 2148 2382 2392 2659 3302 3507 3555 3753 3806 4257 4299 4386 4431 4816 4860 4920 5366 5526 6028 6081 6544 6639 6771 6779 6811 6816 6957 7002 7087 7135 7143 7200 7431 7648 7674 7740 7942 7972 8157
102 110 197 235 432 441 497 579 679 702 716 900 1118 1232 1421 1435 1606 1607 1630 1638 1652 1741 1747 1846 1858 1926 1969 1985 2047 2079 2083 2166 2320 2340 2491 2508 2601 2626 2730 2752 2753 2854 3034 3046 3060 3078 3202 3260 3266 3275 3373 3395 3427 3434 3464 3629 3665 3719 3723 3778 4195 4235 4244 4247 4476 4478 4492 4604 4652 4670 4795 4827 4844 4880 4971 5110 5142 5143 5165 5199 5343 5426 5647 5649 5702 5781 5804 5821 5861 5945 5960 5965 5971 6165 6195 6325 6399 6427 6436 6457 6458 6483 6601 6687 6760 6772 6775 6867 6901 6922 6980 6989 7000 7083 7117 7188 7482 7510 7532 7552 7570 7633 7714 7723 7748 7822 7849 7853 7875 7980 8053 8068 8109 8116 8156 8190
103 106 233 292 299 368 661 704 741 760 784 803 845 846 895 1036 1096 1149 1160 1206 1252 1304 1349 1403 1431 1459 1653 1677 1704 1778 1857 2109 2191 2199 2206 2306 2312 2387 2515 2518 2726 2870 2996 3024 3134 3195 3223 3254 3299 3327 3700 3815 3996 4045 4046 4094 4369 4387 4454 4491 4606 4659 4671 4702 4759 4781 4940 5172 5236 5346 5369 5372 5397 5475 5629 5787 5792 5796 5851 5920 6044 6111 6156 6268 6369 6467 6474 6536 6665 6750 6795 6804 6921 6932 7006 7051 7062 7237 7308 7435 7443 7471 7483 7528 7652 7883 8028 8041 8042 8054 8133 8141
107 300 366 401 558 576 615 676 709 842 919 941 978 984 998 1035 1250 1256 1260 1270 1327 1353 1370 1379 1397 1468 1490 1637 1647 1715 1722 1728 1730 1783 1784 1869 1885 1895 1897 1898 1998 2007 2133 2168 2262 2331 2379 2466 2486 2514 2520 2584 2684 2737 2810 2858 2990 3088 3156 3289 3345 3417 3418 3486 3517 3528 3571 3589 3686 3903 3923 4023 4044 4057 4116 4122 4144 4176 4192 4197 4281 4315 4430 4473 4488 4701 4793 4808 4876 4879 5015 5042 5058 5105 5117 5176 5214 5246 5275 5388 5606 5739 5866 5915 5921 5950 6059 6167 6318 6344 6402 6466 6572 6591 6711 6768 6844 6912 6991 7022 7030 7122 7149 7176 7178 7228 7333 7342 7407 7416 7493 7559 7600 7715 7826 7836 7846 7879 7895 7929 7934 8048
109 243 645 734 791 831 914 948 1065 1351 1631 1746 1767 1899 2023 2266 2305 2349 2652 2667 2765 3035 3310 3399 3955 4115 4447 4464 4776 5156 5379 5532 6164 6434 6549 6673 6702 6734 6876 6892 6937 7066 7157 7232 7330 7454 7565 7780 7877 7888
121 209 267 271 319 335 398 421 509 541 622 625 701 839 929 1120 1128 1137 1176 1210 1227 1352 1437 1440 1442 1462 1513 1529 1643 1726 1906 1991 2113 2139 2151 2196 2200 2290 2361 2415 2483 2552 2556 2757 2767 2792 2830 2968 2994 3004 3030 3061 3090 3094 3191 3308 3405 3534 3672 3689 3744 3755 3842 3880 4022 4049 4128 4296 4393 4495 4511 4633 4698 4859 5163 5291 5440 5581 5709 5782 5869 5894 5969 5974 6228 6259 6291 6382 6394 6419 6496 6528 6620 6685 6843 7031 7068 7120 7163 7184 7216 7234 7278 7658 7752 7805 8001 8076 8152 8182
128 191 213 343 602 843 878 888 1032 1123 1242 1274 1342 1343 1507 1590 1620 1817 2177 2334 2492 2591 2606 2680 2696 2732 2991 3057 3120 3149 3197 3210 3320 3465 3570 3608 3654 3847 3873 3910 3957 4002 4155 4204 4291 4325 4508 4619 4656 4852 4878 4957 4976 5094 5151 5207 5263 5283 5295 5333 5627 5630 5650 5720 5815 5825 5890 5966 6102 6223 6244 6264 6319 6431 6455 6583 6593 6820 6934 7121 7168 7219 7220 7310 7317 7437 7630 8009 8010 8124
130 210 245 261 270 404 681 739 799 817 854 859 927 1016 1027 1188 1194 1255 1279 1285 1325 1480 1530 1540 1549 1559 1589 1658 1685 1716 1759 1791 1907 1973 2003 2005 2057 2059 2097 2101 2152 2155 2234 2244 2298 2344 2366 2549 2567 2650 2800 2914 2949 2998 2999 3033 3037 3164 3255 3290 3291 3380 3416 3439 3474 3607 3612 3631 3674 3706 3777 3785 3825 3858 3918 4013 4185 4329 4355 4471 4547 4597 4624 4843 4847 4896 4899 4962 4964 5065 5167 5174 5175 5269 5271 5323 5471 5497 5747 5769 5930 5948 5955 5984 6125 6157 6286 6298 6416 6517 6546 6568 6645 6722 6871 6891 6975 6981 7072 7316 7339 7427 7444 7472 7605 7632 7646 7661 7675 7704 7797 7799 7876 7967 7998 8035 8037 8052 8065 8160 8169 8186
134 201 227 705 820 1114 1310 1425 1503 1844 1939 2284 2286 2743 2925 2969 3182 3303 3477 3548 3625 3991 4147 4311 4348 4558 4737 4969 4986 5909 5923 5937 6172 6203 6213 6290 6681 6793 6797 6953 7033 7314 7892 8129
147 362 428 566 617 674 723 892 909 1054 1115 1323 1389 1417 1451 1454 1501 1680 1753 1765 1954 1997 2049 2105 2110 2261 2352 2410 2499 2544 2562 2660 2744 2751 2764 2801 2845 2856 2869 2985 3141 3215 3235 3305 3341 3375 3388 3438 3457 3498 3599 3638 3786 3878 3898 3925 3972 4082 4086 4121 4148 4181 4279 4359 4415 4437 4493 4522 4531 4543 4562 4644 4708 4833 4942 5013 5027 5049 5099 5153 5219 5268 5407 5438 5695 5761 5784 6038 6079 6140 6208 6225 6249 6306 6320 6349 6418 6540 6582 6612 6642 6762 6773 6831 6833 6854 6929 7076 7106 7260 7282 7292 7347 7380 7522 7772 7777 7953 7968 8020 8026 8073 8192
149 161 215 229 402 437 454 499 586 793 866 903 908 953 965 1050 1066 1145 1178 1340 1348 1368 1429 1520 1609 1654 1800 1999 2104 2141 2251 2311 2374 2385 2447 2462 2681 2776 2827 2890 3076 3107 3148 3233 3392 3469 3529 3569 3590 3652 3712 3784 3851 3968 3970 4011 4105 4123 4150 4227 4242 4253 4283 4460 4507 4552 4617 4811 5017 5082 5227 5237 5298 5301 5356 5382 5596 5608 5716 5721 5823 5922 5944 5975 6007 6073 6181 6222 6260 6561 6666 6752 6933 7197 7275 7325 7336 7561 7647 7681 7700 7734 7744 7841 7874 7881 7913 7931 8019 8090
163 188 226 265 284 371 378 487 531 651 812 915 1106 1248 1306 1499 1518 1572 1626 1627 1805 2195 2236 2289 2423 2496 2699 2712 3015 3184 3231 3252 3331 3376 3523 3600 3624 3649 3676 3688 3708 3922 3973 3986 4330 4332 4389 4499 4515 4574 4745 4800 4881 4927 5081 5272 5282 5527 5554 5768 5838 6012 6034 6545 6663 6670 6703 6733 6794 6839 6893 6965 6987 7015 7037 7318 7586 7616 7639 7719 7840 7855 7904 8107 8138 8153
167 500 557 598 691 737 783 855 1059 1060 1121 1296 1544 1561 1640 1705 2211 2328 2365 2432 2524 2612 3019 3176 3318 3368 3515 3550 3718 3802 3947 4106 4177 4539 4612 4682 4791 4818 5072 5132 5191 5368 5536 5601 5641 5651 5680 5723 5724 5836 5885 5918 6019 6498 6634 6863 6903 7039 7170 7255 7285 7451 7567 7635 7838 7918 7938 8082
178 638 678 761 850 2602 2702 2992 3127 3385 3876 3904 3944 3980 4230 4676 5086 5141 5604 5620 5661 5817 5873 5910 5978 5985 6104 6456 6532 6686 6823 6950 6952 6997 7249 7397 7688 7781 8077 8095
185 202 205 263 316 436 491 639 677 945 1056 1082 1133 1365 1371 1409 1453 1506 1523 1584 1711 1811 1815 1816 1824 2071 2091 2178 2189 2242 2249 2272 2302 2372 2430 2598 2617 2637 2760 2766 2811 2834 2839 2873 2903 2944 3064 3124 3133 3143 3248 3312 3448 3602 3617 3650 3949 4019 4075 4146 4159 4226 4349 4365 4438 4441 4500 4517 4637 4718 4758 4765 4780 4796 4895 4912 4915 4968 5032 5186 5232 5386 5493 5504 5506 5538 5625 5645 5652 5687 5731 5755 5822 5876 5925 6100 6141 6338 6444 6518 6566 6614 6627 6787 6879 6915 7064 7097 7166 7247 7289 7290 7376 7378 7660 7665 7710 7758 7830 7894 7940 7987 8100
224 295 433 653 657 662 725 730 916 975 987 1076 1084 1085 1198 1219 1221 1236 1265 1333 1354 1433 1560 1833 1838 1850 1881 2004 2194 2434 2721 2731 2787 3026 3241 3256 3390 3450 3451 3510 3682 3852 3978 4138 4139 4178 4223 4246 4313 4391 4419 4496 4763 4767 4819 5016 5026 5111 5187 5357 5514 5539 5565 5776 5794 5878 5879 5963 6189 6342 6617 6661 6721 6784 6841 6859 7070 7077 7154 7329 7340 7349 7383 7394 7495 7614 7790 7804 7821 7937 7954 8000 8102
244 273 403 425 486 554 599 886 993 1058 1102 1185 2149 2299 2319 2362 2369 2417 2819 2822 2952 2974 3016 3041 3056 3062 3096 3150 3192 3199 3453 3467 3568 3658 3732 3741 4062 4084 4335 4627 4700 4777 4861 4893 4949 5059 5104 5309 5324 5409 5694 5741 5802 5820 5868 5968 6075 6136 6282 6323 6410 6630 6683 6690 6692 6790 6916 6959 7109 7181 7230 7239 7259 7457 7476 7627 7642 7910 7933 8016
275
311 3491 4426 4889 6196
320 621 2099 2147 2159 2180 2287 2292 2314 2424 2539 3113 3343 3358 3844 4432 4987 5171 5378 5622 5913 6255 6328 6534 6837 7507 7737 7856 8132
350 742 794 837 875 893 963 1052 1180 1195 1241 1372 1734 1799 1860 1924 2012 2137 2247 2348 2354 2427 2452 2559 2798 2804 3131 3214 3401 3527 3628 3890 3921 3930 4202 4729 4802 4820 4848 5014 5218 5241 5325 5483 5566 5619 6217 6417 6475 6674 6715 6745 7029 7218 7256 7315 7399 7602 7747 7767 7829 7873 7891 7947 8184
353 2687 3018 7533
391 537 612 746 1055 1483 1591 1876 1942 2123 2160 2304 2310 2358 2397 2479 2530 2594 2747 2748 2805 2841 2849 2891 3052 3075 3367 3827 4003 4293 4312 4541 4554 4643 4735 4775 4888 4908 5053 5149 5169 5239 5299 5334 5460 6358 6507 6558 6600 6792 6829 6861 6995 7045 7174 7213 7271 7517 7581 7755 7906 7992 8006 8122
516 700
564 4260
844 2006 4333
865
1288
1381 6211
1411 1690 1744 3792 6077 8135
1542
1552 2128 2579 5454 5595 8093
1863
2347
2978 6623
3240
3478
3932 7515 7518
3948 4249 6555 6737 7456 8078
4448
5063
5743
6029
6485
