32
1 1203 1205 1276 7 299 300 1193 1194 1195 1196 18 1206 1207 1208 1209 75 76 1198 1199 1200 1201 1202 1204 261 1039 1040 1041 1042 262 1043 1044 19 306 1222 1225 1259 303 1214 1215 1216 1217 1219 304 1218 1220 1221 1226 1228 77 293 294 1172 1173 1174 1210 1212 301 302 1211 1213 308 1229 1230 1231 79 1224 1227 1240 307 1223 1255 1256 1257 1258 310 1238 1239 81 314 1253 1269 1270 305 313 316 1260 1261 1262 1263 1264 1265 292 1167 1169 1392 1393 1395 348 1233 1234 1390 1391 1394
2 851 3404 3405 3406 3407 3408 3410 4021 842 3378 3379 3384 3385 3386 3387 3388 3399 845 3383 3398 3400 3401 846 847 3389 3390 3391 3392 3394 3396 3397 854 3402 3403 3411 3412 53 252 4037 4038 4039 54 1009 1010 4026 4027 213 849 1007 4029 4030 4033 214 848 850 3393 3395 4031 4032 1012 4028 4034 4035 4036 1015 4008 4025 4042 251 1011 4007 4009 4011 852 1008 4020 4022 4024 853 3409 4017 4018 4019 862 995 1006 3985 4016 1003 1004 1005 3986 4013 4014 4015 4023
3 222 3551 3552 39 895 896 3547 3553 3554 903 904 3549 3550 16 3767 3768 3769 3770 3771 3772 3784 23 237 943 944 3765 3803 228 229 3758 3759 3760 3761 3762 3763 3764 236 238 3766 3804 25 914 915 916 921 3653 3654 3655 3656 3662 3663 3664 905 3657 3659 3660 3661 3676 3677 907 3623 3624 3641 3642 3643 3658 41 58 887 889 3682 3683 3685 3686 221 890 3541 3542 3544 3548 656 3525 3526 657 883 3527 3528 3529 3543 881 3533 3535 884 885 3539 3540 886 3684 3687 3694 888 922 3679 3680 3534 3537 3538 83 3779 3780 3781 3788 3789 93 910 1343 1475 1476 3646 94 913 1344 3647 3649 3778 370 3776 3777 908 909 3644 3645 3648 3650 3651 911 912 3652 3773 3774 3775 224 893 3555 3611 3612 3613 654 894 3556 3557 227 3607 3614 3615 3616 3617 899 3603 3627 3628 3631 900 901 902 3618 3620 3621 3604 3605 3606 3608 3609 3619 3622 3678 3681 3625 3626 3629 3640 655 3560 3561 3562 891 892 3545 3546 3559 906 3635 3636 3637 3638 3639 1486 3630 3632 3633 3634
4 990 991 3956 3957 3960 3961 3962 244 933 987 988 3950 3951 3952 931 3728 3953 3954 3955 3963 986 3941 3942 3943 3944 3945 3958 215 863 992 3982 233 3959 3965 3976 3979 249 996 3980 3981 3984 989 993 994 3966 3967 3974 3975 3977 3978 3988 3990 245 3923 3924 4078 246 1020 3933 3934 247 3930 3931 3940 980 3925 3926 3927 3932 981 3918 3919 3920 3921 3922 982 3917 3928 984 985 3929 3946 248 1018 3936 4003 4067 4068 250 3935 3937 3938 3999 4000 983 1000 1017 3939 997 998 1001 3987 3989 999 3992 3995 3996 3997 3998 1002 1016 4004 4006 4010 3991 3993 3994 4001 4002 4012 929 3720 3722 3723 3724 3726 3735 3753 930 3725 3727 3736 3964 932 937 3729 3730 3734 3739 938 939 941 942 952 3737 3738 3749 3750 3751 3754 940 3721 3752 3717 3719 3756
5 78 85 1236 1245 1380 80 344 345 1241 1244 84 339 1313 1315 1316 1317 1320 1321 1336 309 1243 1251 1252 1254 1308 311 312 330 1310 1311 1312 328 1289 1302 1304 1305 329 1248 1250 1378 331 332 333 337 1303 1322 1323 341 342 1314 1376 1381 343 1246 1377 346 1232 1235 1237 1242 347 350 1379 1385 1386 1388 1389 349 351 352 1374 1375 1382 1247 1249 1324 1301 1306 1307 1309 20 1327 1328 26 366 1349 1355 1360 1457 1458 27 340 1318 1357 1358 1373 335 336 1325 1326 1332 1333 1334 1341 338 1319 1353 1354 1356 363 364 1363 1364 1365 1366 1403 1414 1329 1330 1331 3790 1335 1337 1338 1340 1339 1342 1350 1351 1352 1359 1361 1362 1367 1368 1369 1370 1371 1372
6 362 1415 91 104 1409 1410 1411 353 354 1412 1413 356 416 1418 1419 1420 1661 1663 1407 1408 1664 1665 1666 30 102 103 414 1422 1426 1660 358 1416 1421 1423 1424 1431 86 87 288 289 290 1157 1158 1159 1168 1387 1396 1398 106 287 1153 1155 1397 1668 418 419 1152 1154 1156 89 355 1383 1384 1401 1402 1404 105 1399 1400 1405 1406 413 1662 1670 1672 417 1667 1671 420 1655 1669 1673 1674 1675 1676 428 1139 1140 1141 1142 1148 1678 1145 1147 1149 1150 1151 1677
8 1583 1584 1586 1587 101 410 412 1585 1646 111 423 1684 1685 1686 1687 1688 118 400 1588 1590 1591 402 1640 1641 1643 1644 404 408 1624 1626 1627 1642 406 1619 1622 1628 1629 1630 1631 1633 1762 1765 407 442 1634 409 1625 1635 1636 1638 411 415 1649 421 422 1657 1658 424 1650 1651 1659 1632 1695 1696 1697 1761 1637 1639 1645 1647 1648 1652 1653 1654 1656 1690 1689 1691 1692 1693 1694 29 1592 1593 1594 1597 31 403 1589 1606 156 1595 1598 2499 401 1602 1604 1605 1607 1608 405 465 1609 1610 1611 1612 1853 1855 1856 1857 466 1599 1603 1858 2496 623 2495 2497 2498 624 1596 1600 1601
9 113 447 1748 1749 109 1715 1716 1717 1718 1725 110 434 1727 1728 1729 1730 1732 112 435 436 1722 1736 1737 1738 426 437 440 441 1698 1699 1700 1701 1702 1739 1759 438 1731 1733 1734 1744 439 1703 1704 1721 446 448 1741 1745 1747 1705 1709 1719 1720 1723 1724 1735 1740 1742 1743 1746 1750 1754 1755 1756 1757 32 1778 1779 1780 443 1751 1752 1753 1786 1787 444 1764 1766 1767 1768 1758 1760 1763 1769 1770 1771 1772 1781 1784 1785 1782 1783 1788 1790 1795 1796 1798 1833 1834 1826 1827 1828 1829 1832 1835 1836 1837 1840 114 452 455 1799 1817 1818 1819 1820 1824 449 450 1789 1791 1792 1793 1794 1804 1807 451 1797 1800 1801 1802 1803 453 454 1959 1963 492 1967 1969 1970 1805 1806 1808 1809 1810 1968 1811 1812 1813 1815 1816 1964 1965 1966 1814 1821 1822 1953 1955 1956 1957 1958 115 116 458 1887 456 1951 1954 457 1825 1952 1823 1883 1885 1886 445 1773 1774 462 463 1616 1617 1620 1621 464 1841 1848 1849 1850 1851 1613 1614 1615 1623 1852 1854 1618 1775 1776 1777 1838 1839 459 460 461 1830 1831 1842 1843 1844 1845 1846 1847 1884
10 123 471 472 1898 469 1879 1899 1900 1902 1877 1878 1888 117 119 1872 2482 2484 2485 2486 1871 1873 1874 1903 467 2483 2492 2493 470 1865 1866 1867 1875 1876 1880 1881 1882 1859 1860 1861 1862 1863 1864 1868 1869 1870 2494
11 558 2270 138 146 147 2261 2262 2263 2274 140 2249 2250 2251 566 567 568 2259 2260 135 137 543 2134 2171 2182 2219 2220 2221 139 556 2225 2226 2227 545 2214 2215 2216 2217 548 549 553 554 555 2212 2213 2267 557 2228 2230 2269 559 2264 2265 2268 2130 2131 2222 2223 2224 2229 2231 2233 2248 2266 136 2135 2137 544 2133 2136 2129 2132 2138 152 550 2195 2203 2205 2206 2208 2202 2204 2211 154 547 2186 2187 2189 2183 2188 2199 2200 2201 2184 2185 2218 2190 2417 2428 2191 2192 2193 2196 2197 2198 551 585 2207 2209 552 2210 2271 569 2272 2273 2275 2337 583 2315 2333 2334 2335 2336 584 2339 2342 2343 2344 586 2338 2340 2341
12 564 2256 2257 2258 132 2114 2115 2116 2119 133 134 531 2117 2118 2239 141 2243 2245 2246 142 561 563 2255 529 2111 2113 2240 2241 2242 530 2112 2237 560 2252 2253 562 2244 2254 2232 2234 2235 2236 2238 2247 129 131 524 526 2101 2103 521 522 538 527 2100 2110 528 2108 2109 532 2087 2121 2122 2105 2106 2107 533 534 535 2120 2123 2124 2125 2126 2127 2128 536 537 2085 2139 2140 2141 2142 2143 2144 2152 2086 2088 2089
13 2345 2355 2359 2361 581 590 2327 2329 2346 2362 591 2325 2363 2364 2758 2357 2360 2365 2366 15 588 2194 2351 2353 2354 2356 151 603 605 2352 2415 2416 587 2347 2348 2349 2350 2405 2411 2412 2414 149 685 2736 2737 2738 2740 596 597 2381 2382 2383 2384 686 2731 2733 2739 2742 687 2744 2745 2746 2748 2749 150 2373 2374 2413 589 593 604 2372 594 2358 2368 2371 595 2370 2375 2377 2378 2379 2380 2369 2741 2743 2751 2752 592 2367 2753 2754 2756 689 2755 2761 2764 690 691 2762 2763 2765 2757 2759 2760 2775 2796 601 602 2396 2402 2406 2407 2376 2391 2393 2394 2395 2385 2389 2390 2392 2408 2409 2410 606 2418 2419 2420 2421 2404 2422 2459 2460 678 692 2705 2706 2707 2708 2709 2710 2711 2712 688 2713 2747 2750
14 735 2688 2941 2942 2943 2949 43 672 2677 2684 2685 2686 2689 167 738 2687 2947 3202 201 2945 2954 2955 2956 3196 3197 733 736 2933 734 2690 2692 2935 2944 801 2946 2948 3199 3200 3201 44 740 2975 2978 3035 3037 3038 3039 3105 185 739 2951 2952 2953 2970 2985 186 2969 2971 2977 2979 2980 2998 197 2960 2961 2962 2964 3120 741 742 2957 2958 2966 2967 2968 2972 798 2959 3184 2973 2974 2976 3118 170 728 730 2903 2921 2922 2923 2924 2926 2934 2936 726 2902 2904 2937 2938 2940 732 2931 2932 187 2981 2982 2983 2984 725 737 2939 2950 2986 2988 2901 2987 2989 2990 2991 2992
17 1107 1108 1111 1131 1132 88 291 295 1163 1164 1165 1166 1170 1171 1179 1180 277 286 1104 1106 281 282 1183 283 1120 1185 284 1121 1124 1125 1126 1162 285 1110 1122 1123 296 1175 1176 1178 1127 1128 1129 1130 1146 1160 1161 28 72 432 433 1089 1090 1091 1092 1093 1094 1095 1097 1099 1102 1726 67 1073 1074 1084 68 1062 1064 1072 1076 1077 1078 69 70 73 274 1081 1112 1113 1114 1116 108 431 1085 1087 1088 263 1049 1050 1051 1052 265 267 271 1068 1069 1070 1071 269 270 1061 1063 272 1075 1079 1080 1082 273 1083 1086 1096 275 276 1109 1115 1117 1118 1119 278 279 1058 1060 427 430 1098 1100 1101 1103 65 257 266 1065 1067 66 74 258 260 1045 1046 1047 1048 1053 1066 259 268 1026 1027 1028 1029 1030 1025 1031 1032 1033 1034 1035 1036 1037 1038 71 1054 1187 1188 1190 1197 264 280 1056 1057 1059 297 1055 1182 1184 1186 298 1181 1189 1177 1191 1192 107 429 1105 1136 1681 1133 1134 1135 1137 1138 1143 1144 425 1680 1712 1713 1714 1679 1682 1683 1706 1707 1708 1710 1711
21 960 961 3833 3834 3835 3842 3843 3844 959 963 1282 3837 3839 3840 3841 82 323 3827 3829 321 322 1283 1284 1285 1286 3836 3838 324 326 334 1292 1293 1295 1296 1297 1298 1299 1300 325 958 1294 3822 3824 3825 3826 3828 315 318 1266 1267 1274 317 319 1268 1272 320 1275 1277 1278 1279 1280 1281 327 1271 1273 1287 1288 1290 1291
22 3800 3801 945 949 3787 3791 3792 3793 946 3782 3783 3785 3786 3802 948 3795 3796 3799 3820 950 3797 3798 3808 3794 3819 3821 3823 59 3743 3744 3746 234 936 3742 3745 3875 235 935 3747 3748 951 3805 3806 3807 969 971 3871 3872 3876 3877 3878 3879 3880 3886 60 973 974 3858 3861 3862 3863 3864 3865 3882 3897 3900 239 241 976 3899 3901 3902 3903 964 967 3845 3846 3847 3853 3854 3856 966 3857 3866 3867 3868 3855 3859 3860 61 3881 3883 3884 3885 62 934 3887 3888 3731 3732 3733 3740 3741 64 972 3889 3890 3891 3892 3947 242 3948 3949 243 978 979 3911 3912 3913 3914 3916 975 3905 3908 3909 977 3904 3906 3907 3915 3893 3894 3895 3896 3898 3910 240 955 956 957 962 3832 3848 3849 3850 947 954 3816 3817 953 968 3813 3815 3851 3852 965 3812 3814 3869 970 3809 3810 3811 3870 3873 3874 3818 3830 3831
24 365 1345 1346 1347 1348 1470 1471 368 369 371 1472 1473 1474 1477 1478 1479 1480 1459 1464 1466 1467 1468 1469 90 1452 1453 92 359 360 361 1434 1448 1449 1450 1454 95 1435 1441 1442 1443 1444 1446 1500 1503 96 97 375 376 1445 1447 1455 1456 98 394 395 396 397 398 399 1427 1437 1571 99 1577 1578 100 1425 1428 1429 1430 1432 1433 155 1568 1572 1573 1574 357 1417 1451 367 1460 1461 1462 1465 1496 1497 1498 1499 1501 393 1436 1438 1439 1440 1507 1569 1579 1580 1581 1582 372 378 379 381 1483 1485 1489 1490 373 374 1463 1482 1484 1481 1491 1492 1493 1494 1495 1502 1504
33 478 1918 2177 2433 2434 120 468 475 477 1904 2447 121 2441 2444 2448 2449 2450 2451 122 1895 1901 1909 1910 1911 1912 153 610 2423 2440 2442 2458 473 476 1905 1906 1907 1908 1914 1915 1917 2437 2446 479 1913 1916 1920 1921 1922 1923 1924 1926 2165 2175 480 481 1919 2173 2174 2176 546 2179 2180 2181 607 2424 2457 608 2453 2462 609 2452 2454 2455 2456 2178 2431 2432 2425 2426 2427 2430 2429 2435 2436 2438 2439 2443 2445 124 483 484 1894 1933 1939 1948 474 1928 1929 1930 1931 482 1925 1927 1932 489 1944 1946 1947 490 1949 1950 1960 1889 1890 1891 1892 1893 1896 1897 126 2157 2160 2161 485 1935 1936 2159 2162 2163 500 501 502 504 2156 2158 539 540 1934 2164 2167 541 542 2166 2168 2170 2172 2145 2148 2149 2150 2151 2153 2154 2155 2169 486 1937 1938 1997 1999 2000 2001 1992 1994 1996 1998 2002 2004 2005 2006 2007 487 1940 1941 1942 488 493 494 1945 1977 491 1943 1961 1962 1974 1976 1978 495 1971 1972 1973 1975 496 1981 1982 1983 1984 497 498 1985 1986 1979 1980 1993 1995
34 515 2097 130 514 2049 2051 2052 2053 2054 2055 2056 2062 509 512 513 2058 2059 2060 2061 525 2098 2099 2063 2064 2065 125 127 506 2037 2071 2072 2073 2074 499 1991 2010 507 2009 2019 2020 2025 2026 508 2021 2022 2023 2029 2030 2031 2032 2038 1987 1988 1989 1990 2024 2027 2028 2003 2008 2011 2012 2013 2014 2015 2016 2017 2018 2147 2075 2076 2077 2078 128 516 518 519 2066 503 2090 2104 505 520 2057 2067 2068 517 523 2102 2069 2070 2079 2080 2091 2092 2093 2094 2095 2096 2081 2082 2083 2084 2146 510 2035 2036 2039 2040 2033 2034 2041 2043 511 2042 2044 2045 2046 2047 2048 2050
35 173 175 693 694 695 697 698 2777 2778 2779 2782 700 2792 2793 2794 2771 2772 2773 2774 2776 37 2819 2828 2829 2830 176 707 2837 2839 2847 177 705 2820 2821 2826 178 2810 2813 2822 2823 2824 696 713 2780 2781 2784 2914 704 2807 2808 2809 2838 2840 2841 2842 708 2845 2846 2848 709 2806 2843 2844 710 711 712 2785 2786 2787 2788 2825 2827 2831 2832 2833 2834 2835 2836 45 3028 3030 3031 3032 3036 189 759 760 3012 3013 3019 744 745 3011 3014 3015 747 2885 2894 2895 3006 3007 749 750 751 752 3008 3009 757 3010 3020 3021 2997 2999 3000 3001 3002 3016 3033 3034 3017 3018 3027 46 174 715 2783 2849 2850 2851 2852 2853 2857 2859 181 722 2854 2891 2892 714 716 2855 2858 2890 717 2871 2872 2874 2875 718 2860 2861 2862 2863 719 2880 2881 720 2873 2876 2877 2878 2882 721 2886 2887 2888 2889 753 754 2883 2884 3005 2856 2867 2868 2869 2870 2864 2865 2866 2879 179 723 724 2893 2896 2897 3003 3004 182 2898 2899 2900 2905 2994 746 748 2993 2995 2996 180 727 2906 2907 2908 183 729 2918 2919 2920 184 2915 2916 2917 2925 2909 2910 2911 2912 2913
36 143 578 2298 2314 144 572 2295 2299 2300 2301 565 2288 2289 2290 571 574 2285 2286 2287 573 2279 2280 2296 2291 2292 2293 2294 145 2276 2278 2282 2283 2284 570 579 580 2277 2281 2316 148 582 699 2326 701 702 2791 2795 2797 2798 2799 2320 2321 2322 2323 2332 2324 2328 2330 2331 2789 2790 2800 2801 2803 2804 2805 575 2311 2313 2317 2318 2319 2802 576 2307 2814 2815 2816 2817 2818 577 2302 2303 2304 2305 2306 703 706 2309 2811 2812 2297 2308 2310 2312
38 2469 2506 2507 2508 2526 2527 2528 159 617 2510 2513 2514 2515 2516 2517 2519 2520 2521 2522 2523 2524 599 2397 2398 2531 2542 618 633 634 2534 2535 619 620 2470 2503 2504 2505 2509 2511 627 1553 1554 1555 1556 1564 628 1557 2512 2399 2400 2401 2403 2461 2463 2525 2529 2530 2532 2533 40 2465 2467 2468 2472 2473 157 615 2464 611 612 2478 2480 2481 2487 613 614 616 622 2471 2488 2490 621 2489 2491 2500 2501 2502 2466 2474 2475 2476 2477 2479 158 1559 1576 389 1563 1566 1575 625 626 1558 1560 1561 1562
42 3222 3223 3247 199 797 3174 3175 3176 200 800 3227 3228 3229 202 3209 3210 3211 3218 3219 3220 3224 799 3173 3180 3181 3183 804 3221 3225 3230 3231 3182 3188 3189 3190 3193 3185 3186 3187 3195 3191 3192 3194 3198 3205 3206 3207 3208 3226 791 3161 3162 3172 3177 792 794 3158 3159 3163 3164 793 3155 3156 3157 3165 803 805 807 3232 3233 806 811 3234 3235 3236 3237 3244 3294 808 3169 3170 3171 3166 3168 3296 3167 3295 3297 3298 812 3240 3241 3242 3243 3245 3246 3255 3256 3257 3258 3259 3260 3272 3274
47 48 761 763 772 49 3029 3040 3041 3106 192 3084 3086 3087 3088 3089 193 777 778 3043 3044 3099 3100 3102 774 775 3083 3085 3042 3045 3046 3048 3049 3077 3078 3079 3080 3081 3082 188 764 3054 3056 190 765 766 191 743 762 3051 3052 755 756 3023 3024 3025 758 3022 3026 3055 767 768 3059 3071 769 3065 3068 3069 3070 3072 3073 3074 3075 770 3063 3067 771 3050 3053 3064 3047 3066 3076 3057 3058 3060 3061 3062
50 773 3090 3091 3092 3096 194 784 3093 3094 3129 3130 195 779 3114 3116 3117 196 782 3131 776 3095 3097 3098 3101 780 781 783 3115 3126 3127 3128 2963 2965 3113 3103 3104 3107 3108 3109 3110 3111 3112 3119 3121 3122 3124 785 786 787 3138 3139 3147 3148 788 3132 3133 3134 3135 3136 3137 795 3140 3143 3144 3145 3146 3178 3179 796 3123 3125 3141 3142 3149 3150 3151 3160
51 3335 3336 3337 3352 207 209 210 822 832 3329 3330 3332 3339 211 831 3334 3369 3371 3372 3373 212 3377 3380 220 819 836 3347 3349 3350 3357 3358 809 3281 3282 3283 3284 3285 3292 818 820 3279 3504 3505 3506 821 3333 3370 833 834 3353 3366 3367 3368 835 3354 3355 3356 837 838 3359 3360 3361 3491 841 3362 3363 3364 843 844 3365 3374 3375 3376 3381 3338 3341 3342 3343 3344 3345 3346 3351 3348 3502 3503 52 206 823 3289 3290 3291 198 789 3152 3153 3154 3310 208 830 3316 3319 3320 3322 790 825 3305 3307 3308 3309 824 826 3293 3299 3300 3301 3302 3303 3304 827 828 3306 3311 3312 3313 3314 3315 829 3317 3318 3321 3326 3327 3328 3331 3286 3287 3323 3340 3288 3324 3325 205 810 3238 3239 3273 3275 3268 3269 3271 3276 3277 3278 3280 218 875 876 3497 3498 3499 219 817 3270 3500 3501 3507 3508 3511 877 3512 3513 3514 3382 3417 3418 3419 3420 3413 3414 3415 3416 3425 3436 3421 3422 3423 3424
55 866 3430 3431 3433 216 865 3443 3444 3445 3446 3449 3466 839 840 855 856 859 3432 3434 3435 3438 3439 857 3437 3447 3448 858 3427 3428 3429 860 861 3440 3441 3442 3983 217 869 870 871 3473 3475 3484 868 3481 3482 3486 3487 3495 873 3426 3488 3489 3490 874 3485 3492 3493 3494 3496 3479 3480 3483 223 3474 3476 3477 3478 3536 878 879 3515 880 882 3516 3517 3531 3532
56 231 3472 3693 3695 3696 3697 3698 232 867 872 3461 3464 3467 3468 3469 3470 3462 3463 3471 3699 57 920 3665 3673 3674 3675 230 3755 3757 923 3671 3672 3688 3689 3690 3691 3692 3666 3667 3668 3669 3670 864 3454 3971 3972 3973 917 918 3716 3718 919 926 3708 924 3705 3706 3707 925 3458 3459 3701 927 3455 3712 3968 3970 928 3709 3710 3711 3713 3714 3715 3969 3450 3451 3452 3453 3456 3457 3460 3465 3700 3702 3703 3704
63 1019 4074 4075 4069 4076 4077 253 4047 4048 4051 254 4049 4060 1013 4040 4045 4046 255 4062 4064 4065 4066 4070 4072 4005 4041 4043 4044 4059 4061 4063 256 1022 1023 4053 4056 4092 4093 1014 4055 4071 4089 4090 4091 1024 4050 4052 4054 4057 4058 4094 4095 4096 1021 4085 4086 4087 4088 4073 4079 4080 4081 4082 4083 4084
160 598 2546 2574 2575 600 2536 2538 2539 2540 635 636 637 2550 2551 2552 2553 2554 638 2549 2557 2558 2560 639 1538 2556 2559 644 2547 2548 2561 2563 2571 2572 2386 2387 2388 2537 2541 2543 2544 2545 172 681 684 2579 2589 2590 2591 2724 645 646 647 648 2569 2573 2582 2583 2584 649 2566 2567 2568 2570 664 2585 2595 683 2576 2577 2578 2580 2581 2734 2735 2586 2587 2588 2593 2594 225 897 3574 3593 3594 3610 640 2562 3581 3584 3585 641 643 3587 3588 3589 3590 642 3575 3577 3591 3592 650 3580 3582 3583 651 652 3569 3573 3576 3578 2564 2565 2603 2597 2604 2605 2606 2607 2608 3579 2600 2601 2602 226 382 3596 3597 377 391 392 1505 1506 1514 380 384 386 1515 1516 1517 1518 1519 1528 383 1531 1532 1533 1535 1537 3586 385 387 1509 1511 1512 1513 388 1510 1547 1548 390 1508 1567 1570 629 631 1536 1539 1540 1541 1542 630 632 2518 2555 898 3595 3602 1487 1488 1520 1521 3599 3601 1522 3598 3600 1523 1524 1525 1526 1527 1530 1534 1529 1543 1544 1545 1546 1549 1550 1551 1552 1565
161 666 2646 2652 2654 2655 663 2651 2653 665 2634 2647 682 2592 2656 163 2645 2668 171 671 674 2657 2658 2659 2660 2661 2667 667 668 2663 2666 2670 675 2662 2698 2664 2665 2678 2679 2680 168 169 670 802 2676 3203 3204 3212 3214 669 2642 2643 2644 2639 2669 2671 2672 2673 2674 2675 673 2696 2697 2699 2700 731 2691 2693 2694 2695 2702 2703 2681 2682 2683 2704 2716 2766 2767 2768 2769 2770 2927 2928 2929 2930 676 2717 2719 2720 2721 2722 2725 677 2718 2728 679 2701 2714 2715 680 2723 2726 2727 2729 2730 2732
162 662 2596 2598 2599 2611 2612 2613 2614 2648 2609 2615 2616 2617 2618 2619 2631 2632 2649 2650 164 3213 3215 3216 3217 165 814 3248 3249 3251 3252 3254 659 2627 2629 2637 2638 3250 3253 3262 660 661 2628 2630 2633 2635 2636 2640 2641 166 816 2626 3263 3264 203 204 3267 3509 3510 3520 658 3518 3519 3521 3523 3530 813 815 3261 3265 3266 2620 2621 2622 2623 2624 2625 3522 3524 3564 653 3558 3565 3567 3568 3570 3572 2610 3563 3566 3571
