16
1 65 66 261 299 300 301 6 68 294 296 297 302 19 75 76 295 303 304 67 259 266 267 268 69 257 258 260 273 70 269 270 272 262 263 264 265 271 275 276 278 285 279 280 281 298 74 293 307 308 309 305 306 311 312 314 315 316
2 651 652 896 897 899 39 632 635 636 683 40 383 384 385 386 387 640 95 96 378 380 381 382 97 98 99 377 160 641 642 643 644 898 225 645 646 649 650 226 630 637 638 639 684 17 335 337 339 368 24 92 372 373 374 375 90 91 361 362 376 394 93 94 367 369 912 913 338 363 365 366 370 371 910 42 653 654 655 656 882 890 891 892 893 894 895 887 888 889 905 900 906 908 909 915 901 902 903 904 907
3 953 954 955 965 966 967 969 5 243 962 16 240 241 323 949 957 958 959 20 317 318 319 320 321 322 328 21 242 956 963 964 22 228 237 942 944 945 948 950 81 324 325 326 327 333 334 947 82 336 946 239 960 961 911 914 943 233 952 968 970 971 973 234 235 236 933 935 951
4 28 274 421 429 430 108 277 418 419 420 109 413 417 422 423 110 431 433 435 438 424 425 426 427 428 432 434 27 436 437 439 440 441 446 111 112 406 407 408 442 444 113 114 491 115 456 457 458 472 490 404 405 460 461 462 463 464 465 466 443 445 447 448 449 450 459 451 452 453 454 455
7 26 391 398 400 8 157 388 390 626 627 629 23 25 379 392 393 30 389 623 624 625 89 100 101 358 359 360 156 613 619 620 621 615 617 618 628 631 633 634 9 116 473 474 475 31 479 480 118 469 611 612 622 121 476 477 481 154 478 547 610 403 467 468 470 471 102 395 396 397 411 412 117 399 401 402 409
10 33 134 138 140 562 35 144 569 573 575 576 577 578 579 580 131 527 528 529 530 531 137 139 145 560 564 570 571 572 141 142 143 561 563 574 34 551 554 559 119 546 555 556 152 545 548 553 558 565 566 568 132
11 45 52 202 739 798 185 197 198 199 200 740 741 779 780 781 783 785 795 796 786 793 794 43 166 805 811 51 204 219 220 823 201 203 205 799 806 807 808 206 791 825 809 810 824 826 812 813 814 818 820 207 790 792 828 208 787 788 789 829 209 211 822 827 830
12 173 731 732 736 737 747 167 183 725 748 184 733 734 735 13 647 648 664 14 659 667 669 804 44 168 673 674 675 46 738 801 802 164 666 668 670 672 165 671 797 800 803 222 657 660 661 662 663 682
15 821 832 834 836 837 41 217 218 838 869 53 1007 1008 1009 1010 54 55 212 845 847 848 849 850 854 64 214 252 1011 1012 1014 210 831 833 835 844 846 839 840 841 842 843 855 856 56 215 872 213 216 852 853 857 861 874 858 859 860 870 871 873
18 79 80 313 329 330 331 332 340 345 77 292 310 344 346 347 78 341 342 348 349 350 83 84 85 86 87 88 343 351 352 71 106 107 416 72 283 290 291 73 282 284 103 104 354 355 356 357 364 105 286 287 288 289 353 410 414 415
29 151 605 149 158 600 614 616 150 549 550 587 588 589 153 155 607 608 609 590 601 602 604 606 32 147 552 567 583 584 586 591 36 146 582 585 700 37 689 695 696 698 699 38 148 581 592 690 159 597 598 161 593 594 595 596 599 603 688 162 170 171 172 678 679 686 687 163 665 677 680 681 685 169 676 691 692 693 694
47 195 770 771 772 773 774 188 191 756 757 758 766 192 194 755 761 762 763 193 764 765 767 768 769 48 196 775 777 49 759 760 778 50 776 782 784 186 187 742 743 744 745 746
57 58 224 886 922 221 230 920 921 923 223 880 881 884 885 658 815 816 817 819 883 866 917 918 919 924 926 927 928 875 876 877 878 879 925 60 232 864 865 867 868 994 995 996 231 250 863 931 932 992 993 227 229 238 916 941 929 930 936 937 938 939 940
59 244 245 247 972 974 975 976 61 997 1002 1004 1005 63 254 255 1013 1019 1021 1022 1023 1024 246 256 977 979 980 982 248 249 934 978 981 984 985 986 987 988 989 990 991 999 1000 251 253 1015 851 862 1006 983 1017 1018 1020 998 1001 1003 1016 62
120 136 536 122 123 539 541 542 543 135 533 534 544 557 522 532 535 124 485 502 540 482 483 484 487 488 486 489 492 494 495 496 497 125 126 503 504 521 537 538 127 130 493 507 508 509 510 511 512 513 514 516 518 498 499 500 501 505 506 128 129 520 133 523 524 525 526 515 517 519
174 714 716 717 179 180 181 749 751 752 182 726 727 189 190 719 720 753 754 697 711 712 713 728 729 730 718 721 722 723 724 750 175 701 702 707 708 710 715 176 177 178 703 704 705 706 709
