147
19 195
136 1
66 150
170 234
400 38
344 395
296 291
353 338
136 201
248 292
444 253
161 220
47 23
81 207
449 414
474 130
339 390
184 479
393 63
381 141
91 390
449 181
227 213
441 279
462 63
339 381
345 302
5 118
136 461
248 399
112 192
25 234
1 339
242 339
381 39
112 13
472 395
462 422
50 85
476 189
112 222
460 207
115 375
167 7
8 471
302 399
253 207
248 158
25 485
400 339
242 150
43 460
125 422
154 259
100 143
141 159
344 122
388 117
449 167
210 158
68 222
154 358
245 358
236 61
372 13
330 179
72 330
339 115
227 455
72 282
474 317
481 118
320 196
60 285
185 460
200 240
419 21
400 155
476 197
419 494
118 335
296 461
17 115
130 12
419 140
50 419
444 189
60 414
72 410
296 362
50 242
285 277
240 189
248 122
225 386
236 47
8 234
17 149
400 482
360 441
488 317
386 419
440 171
220 214
163 444
130 410
339 420
177 19
399 47
154 100
290 364
61 286
346 279
248 320
43 364
461 447
241 353
1 25
50 284
339 100
40 207
25 198
115 364
112 141
257 399
17 241
257 117
171 197
292 125
410 420
313 471
122 133
256 100
184 130
73 185
154 279
72 227
243 429
259 351
66 285
177 47
381 47
118 38
161 243
50 354
253 429
200 409
