77
164 229
12 332
81 33
1 252
250 302
403 31
252 183
313 231
51 219
25 291
81 299
304 368
299 327
25 110
392 158
392 482
18 453
131 343
81 195
50 482
332 213
153 229
219 403
33 394
499 124
50 263
357 487
490 59
43 252
98 252
251 431
1 31
313 430
137 460
313 146
120 343
184 250
256 384
1 490
460 44
348 263
164 317
453 414
124 414
321 51
83 131
430 455
150 327
50 490
44 94
24 332
394 412
113 59
131 164
160 216
184 31
460 183
256 353
50 431
216 353
252 487
355 219
194 467
252 231
81 194
16 394
131 493
131 31
59 414
200 216
1 299
467 254
304 250
195 189
353 327
24 252
299 291
