68
489 491
496 475
233 278
265 266
233 90
188 285
81 203
425 271
81 103
190 87
146 390
145 281
309 437
300 271
261 103
409 342
90 215
489 494
342 255
285 117
89 98
193 84
128 369
496 238
264 363
43 420
203 117
34 498
146 340
1 475
264 271
496 249
278 255
128 335
498 255
117 390
349 271
194 238
363 439
264 193
281 132
340 373
496 87
264 191
98 150
498 491
360 98
184 410
184 481
300 118
451 319
184 375
193 215
281 278
420 439
425 156
90 414
64 34
373 309
494 319
449 489
249 369
496 90
340 278
266 439
410 150
387 271
146 375
