9
8
6 0 0 3 
11 0 3 1 
10 0 1 7 
16 0 7 4 
16 0 4 5 
10 0 5 6 
9 0 6 3 
7 0 3 0 
5 6 0 14 
14 11 14 11 
13 10 11 16 
9 16 16 9 
11 16 9 16 
14 10 16 10 
12 9 10 14 
2 7 14 0 
7 5 0 15 
12 14 15 14 
16 13 14 13 
16 9 13 9 
13 11 9 13 
11 14 13 10 
13 12 10 11 
2 2 11 0 
7 7 0 13 
15 12 13 11 
14 16 13 14 
13 16 14 10 
10 13 10 14 
12 11 14 11 
13 13 10 16 
3 2 16 0 
5 7 0 15 
13 15 15 15 
10 14 15 10 
13 13 10 12 
12 10 12 12 
10 12 12 10 
11 10 10 11 
3 3 11 0 
1 5 0 13 
10 13 13 16 
13 10 16 16 
10 13 16 15 
16 10 15 10 
9 10 10 12 
13 11 16 9 
1 3 9 0 
6 1 0 10 
10 12 10 15 
10 13 15 13 
16 10 13 12 
13 16 12 14 
14 9 14 14 
10 13 14 10 
8 1 14 0 
0 6 0 2 
0 10 2 1 
0 10 1 3 
0 12 3 4 
0 13 4 1 
0 14 1 3 
0 14 3 5 
0 8 5 0 