14
10
3 0 0 1 
11 0 1 4 
8 0 4 2 
10 0 2 4 
5 0 4 1 
7 0 1 4 
9 0 4 4 
11 0 4 4 
12 0 4 4 
1 0 4 0 
3 3 0 8 
10 11 8 5 
8 8 5 10 
11 10 10 7 
9 5 7 8 
8 7 8 8 
6 9 8 14 
12 11 14 8 
9 12 7 11 
3 1 11 0 
2 3 0 7 
11 10 7 14 
13 8 14 5 
5 11 5 11 
14 9 11 10 
12 8 10 12 
13 6 12 6 
10 12 6 9 
12 9 9 11 
4 3 11 0 
2 2 0 6 
10 11 6 13 
5 13 13 6 
8 5 6 14 
5 14 14 13 
12 12 13 5 
5 13 5 5 
10 10 5 13 
6 12 13 13 
2 4 11 0 
2 2 0 11 
9 10 11 14 
12 5 14 14 
11 8 14 14 
13 5 14 10 
14 12 10 11 
5 5 11 5 
9 9 5 6 
14 6 6 12 
3 2 12 0 
3 2 0 9 
8 9 9 7 
10 12 7 10 
7 11 10 8 
7 13 8 10 
13 14 10 7 
10 5 7 13 
14 9 13 6 
7 7 6 14 
4 3 6 0 
2 3 0 8 
6 8 8 13 
11 10 13 12 
6 7 12 7 
13 7 7 8 
9 13 8 6 
11 10 6 11 
13 14 11 6 
7 7 6 10 
4 4 10 0 
1 2 0 10 
6 6 10 9 
7 11 9 14 
5 6 14 8 
12 6 8 9 
11 9 7 5 
5 11 5 13 
12 13 13 9 
7 6 9 5 
2 4 5 0 
3 1 0 13 
7 6 13 9 
8 7 9 8 
12 5 12 7 
12 9 7 5 
6 10 6 12 
9 14 12 8 
9 12 8 14 
14 7 14 13 
1 2 13 0 
0 3 0 1 
0 7 1 3 
0 8 3 1 
0 12 1 3 
0 12 3 3 
0 6 3 2 
0 9 2 1 
0 14 1 2 
0 14 2 1 
0 1 1 0 