95
224 147
232 484
458 484
264 308
373 318
314 319
36 149
484 261
26 282
317 70
393 26
369 246
280 266
246 151
17 121
136 87
258 175
147 452
242 55
27 269
278 135
264 356
64 272
379 236
452 207
400 151
64 201
321 20
449 29
138 250
344 449
17 52
436 20
314 451
379 308
307 38
362 348
400 30
96 499
5 175
147 309
379 87
346 189
1 348
425 2
232 19
138 261
74 78
280 78
242 59
436 484
149 55
443 373
369 378
314 407
27 52
269 319
96 405
316 149
36 348
267 270
356 207
96 473
121 318
17 2
476 270
19 38
102 151
299 351
362 499
17 356
242 111
70 111
88 317
464 307
266 324
26 486
96 246
121 476
344 266
473 5
346 452
443 324
451 5
224 278
272 400
201 486
321 405
32 397
234 407
278 351
436 7
258 397
458 482
252 270
