10
1 2 3 4 6 7 8 11 13 18 19 20 22 23 25 26 27 28 32 35 36 37 38 39 43 45 46 50 52 53 57 58 59 60 62 63 64 65 66 67 68 69 71 72 81 82 86 90 91 94 95 97 131 133 134 137 138 155 156 226 227 228 230 231 232 233 234 235 237 240 241 242 254 257 265 266 268 269 272 275 279 282 285 298 305 306 308 316 330 338 340 344 346 349 351 353 358 359 362 365 368 369 373 375 399 402 405 415 418 423 424 425 426 427 429 430 443 444 451 452 456 458 461 466 476 485 488 490 491 493 494 497 500 506 507 508 509 510 511 515 516 517 519 520 521 522 523 525 526 528 534 535 536 537 538 539 540 541 546 548 551 568 579 585 589 597 605 607 611 613 614 615 631 632 652 662 677 700 701 702 705 707 711 749 761 765 810 817 822 827 840 843 844 854 861 864 898 899 900 913 914 919 929 934 939 947 954 962 988 989 999 1000 1010 1015 1016 1030 1041 1050 1053 1056 1057 1058 1102 1118 1119 1129 270 815 829 856 857 858 304 897 499 1001 1049 1126 514 1052 587 1031 1072 807 850 998 1125 1096 1133
5 9 21 30 31 40 41 47 49 51 54 55 56 73 74 77 79 103 104 105 107 116 122 128 157 192 194 196 201 202 203 204 206 210 213 214 217 220 236 245 246 247 248 249 250 251 252 253 258 259 260 261 262 263 274 284 288 291 293 307 317 318 319 320 321 322 323 324 325 329 331 333 335 336 337 348 360 361 364 366 374 377 379 390 400 420 433 435 436 437 438 439 440 442 445 446 448 449 463 469 472 473 474 503 543 544 545 547 550 555 574 581 586 640 644 650 651 666 667 672 676 678 679 680 686 687 692 697 704 775 776 777 779 789 791 794 796 802 809 833 834 845 863 883 901 915 916 917 927 972 973 1006 1093 1106 1108 16 85 88 118 127 130 154 162 193 197 198 199 205 207 208 209 211 212 215 216 218 219 221 222 286 289 327 328 343 363 401 441 518 584 592 594 595 596 599 600 601 629 647 648 649 683 695 696 698 699 703 742 780 781 782 783 785 786 790 792 797 798 800 801 803 804 806 965 1074 80 577 580 583 92 616 618 619 620 129 200 641 642 643 645 646 787 326 681 918 593 1075 1076 617 1085 799 926
10 14 24 33 34 70 78 108 109 110 111 112 113 114 117 119 120 121 123 124 161 163 164 165 166 167 168 169 170 172 173 174 175 176 177 178 179 180 181 182 280 292 294 296 297 492 532 563 569 575 669 670 685 690 760 763 1055 126 684 342 531 881 17 115 224 225 673 674 125 367 693 879 964 966 1086 195 671 778 1092 223 805 255 277 290 355 668 694 837 838 867 880 956 959 1094 273 689 862 283 295 495 675 875 1047 287 489 839 873 874 876 877 878 1046 1095 1115 836 1109 1110 1111
12 48 75 83 84 139 140 141 142 143 145 146 147 148 149 150 151 152 153 159 185 239 243 267 271 276 299 300 332 347 354 356 371 372 388 389 396 398 404 409 410 412 413 414 416 431 434 504 505 542 552 556 557 559 571 573 590 591 633 688 710 719 720 721 722 723 724 725 726 727 729 730 735 736 737 739 740 741 743 744 745 746 747 748 756 767 788 813 826 830 851 852 859 884 885 886 887 888 905 937 940 941 942 943 944 945 946 955 958 961 978 986 993 1063 1100 1116 42 303 341 357 380 381 382 383 384 385 386 387 393 784 889 890 891 892 893 894 895 896 920 936 938 976 977 981 982 983 1117 1124 44 406 407 408 411 773 991 144 732 733 734 560 1064 865 1113 512 904 908 1051 728 731 974 992 1003
15 76 87 183 186 187 190 566 567 570 639 766 882 89 93 99 135 184 189 191 229 394 454 464 465 524 578 598 602 603 604 621 622 623 624 625 626 628 708 715 774 821 866 1012 1013 1029 1071 1077 98 627 635 636 1014 714 1099 768 1103
29 310 311 312 906 314 527 529 558 561 902 903 912 1054 1065 1066 96 100 334 376 608 634 924 925 969 970 971 985 102 370 417 136 533 612 682 717 923 1081 1082 1083 256 716 841 313 315 397 457 468 712 795 909 1033 345 350 948 949 403 968 1080 1084 1131 421 609 553 1060 1061 572 960 1122 606 630 872 610 967 1079 653 659 820 853 392 980 1017 1019 1068 450 459 842 1018 432 860 932 963 738 793 907 910 911 1004 1005 1032 1067 1069 1070 1078 1105
61 132 171 244 470 501 502 638 832 101 582 637 462 665 818 990 1009 1028 1127
106 188 352 455 467 530 562 588 654 655 656 660 664 769 770 771 772 819 950 951 952 953 1073 1091 1104 1130 158 378 395 661 713 750 751 752 753 754 755 975 984 391 496 657 814 825 835 979 498 764 1048 718 812 846 997 1123
160 758 759 238 264 278 301 422 428 447 453 475 477 478 482 483 484 549 554 564 565 709 762 816 823 824 831 849 855 868 869 870 871 995 996 1007 1008 1036 1040 1042 1059 1107 1112 1114 281 339 576 933 302 309 479 480 811 957 1037 419 460 471 486 487 513 757 808 848 922 1002 1020 1021 1022 1023 1025 1026 1027 1034 1044 1045 1101 1128 481 663 691 706 847 994 1035 1038 1039 1043 1098 828 928 1062 921 1090 930 1120 931 1011 1121 1024 1097
658 935 987 1087 1132 1088 1089
