10
1 13 24 25 26 27 28 29 30 31 39 41 42 44 46 47 48 49 64 65 68 86 87 89 90 98 100 102 103 104 105 106 109 111 112 114 116 117 121 122 129 130 137 138 139 140 141 142 153 160 165 168 171 177 178 180 181 190 191 199 205 206 207 211 214 218 223 227 228 229 230 232 239 242 265 268 269 282 293 357 374 385 389 413 415 421 432 435 436 448
2 3 4 6 7 61 108 157 158 159 163 167 169 170 222 238 240 241 243 244 245 257 350 355 360 369 377 378 379 410 428
5 14 34 51 52 69 71 72 80 81 82 83 84 85 113 115 120 134 148 156 185 186 187 192 194 204 210 213 216 219 226 233 234 251 252 253 254 255 256 260 262 272 273 296 305 308 312 313 314 315 330 331 359 363 371 372 373 375 376 398 400 411 423 438 446 447 453
8 9 12 15 16 17 18 19 20 21 22 23 176 179 182 249 352 353 354 356 420
10 11 66 67 74 91 92 97 110 144 266 283 284 299 300 319 339 340 342 381 383 384 386 387 408 417 418 431 445 449 451
32 35 40 43 45 75 76 77 78 79 96 107 118 155 172 173 174 215 264 270 271 276 277 279 280 286 287 288 289 290 291 292 297 298 306 309 317 337 343 370 382 388 392 394 395 396 399 401 402 409 414 422 434 437
33 36 37 54 58 59 60 62 63 70 93 124 125 127 128 132 136 143 145 147 149 152 162 164 175 235 236 237 248 258 259 275 301 303 318 320 321 322 323 324 325 326 327 328 329 332 333 334 335 336 344 364 368 393 404 405 412 416 424 425 429 430 440 441 443 444
38 88 99 161 166 189 193 201 202 203 209 212 220 221 224 231 263 267 294 295 304 316 338 341 361 362 391 397 427 439 442 452
50 53 55 57 73 94 95 101 119 126 131 133 135 146 150 151 154 183 184 188 195 196 197 198 200 208 217 246 247 250 261 278 281 285 302 307 310 311 345 346 347 348 349 351 358 365 366 367 380 390 403 406 407 419 426 450
56 123 225 274 433
