19
1 212 779 855 988 1096 1999 149 211 745 1063 2010 164 580 1140 1867 520 857 915 1034 1069 1348 982 991 1246 58 259 795 796 872 1181 1202 1510 157 159 210 562 294 603 604 605 859 925 1749 526 568 569 820 850 854 863 874 904 979 1005 766 797 858 869 883 929 151 155 243 244 783 804 1659 247 659 660 767 1077 1158 518 1022 1023 1027 1084 246 289 503 564 862 964 965 1021 248 288 290 291 519 730 987 989 1405 197 680 975 1002 1157 199 875 974 1163 1200 1949 204 1164 1165 1193 1736 594 679 927 1352 1486 636 976 1113 1920 319 482 1286 1796 416 417 1644 1738 1784
2 1025 1026 1204 1207 1406 1473 69 70 835 1335 124 152 153 191 645 1178 1182 1288 160 1024 1067 1170 1190 1342 1962 165 189 280 1487 1504 1597 1603 1892 171 337 614 1088 1160 1162 1403 281 282 703 709 853 856 879 881 1134 1578 1600 1745 1826 1973 1997 316 642 710 1343 1527 411 501 1256 1161 1166 1400 32 968 1428 1608 1785 102 279 318 1524 1526 1618 1925 194 478 479 1560 202 308 309 524 819 906 1247 2028 203 860 867 1349 1350 1686 1765 1782 387 620 1102 1195 1196 1199 1291 1384 1895 631 637 641 978 1385 1599 1631 1679
3 7 665 1004 1471 15 53 655 1677 30 49 50 51 514 936 983 1723 31 47 48 368 533 1289 1427 2025 42 55 525 1223 43 44 653 1176 2030 45 919 1426 46 365 366 573 640 960 1316 1447 1872 59 60 1169 1187 1209 231 570 683 752 1175 1206 1767 1991 355 1173 1180 2008 360 549 602 800 1615 414 551 563 1159 1359 1598 498 1011 1423 1705 2033 536 537 1756 1839
4 251 791 792 1373 1549 1917 402 966 1087 1442 2023 793 967 1012 1125 1609 1906 10 336 506 901 1416 1698 1770 25 324 1008 1557 1809 127 626 1900 323 386 738 1144 1519 13 550 714 1030 62 1360 1529 1640 100 400 1210 1848 1849 128 129 1368 313 399 868 1833 1853 353 401 415 1000 1517 1832 398 698 1334 1830 1831 403 681 1028 1029 1031 74 922 1155 1555 131 1722 1838 385 1468 1500 1639 587 921 1154 1355 945 1009 1032 1612 1827
5 848 995 1092 1168 1294 1653 238 1523 1596 1641 1649 239 240 241 245 877 1037 1116 1119 1299 1308 1339 1493 777 944 1117 1309 1409 1768 163 242 476 477 1358 1413 1572 172 188 254 1755 1914 1915 222 724 1851 1923 232 776 836 916 1003 1337 1492 1904 233 774 775 950 951 1318 1513 1897 213 218 219 900 1018 1340 1341 1588 1591 1592 1642 1643 217 220 1284 1636 1707 1708 1712 1751 234 235 236 1151 1275 1376 1896 1996 237 1375 1606 1650 1692 1995 1604 1605 1701 1843 1844 214 215 994 1245 1300 1327 1893 216 996 1387 1590 1680 221 1320 1994 1998
6 94 719 1039 1043 1614 1727 106 107 108 111 704 705 707 315 690 692 713 847 1565 1876 20 21 23 1433 1453 1806 1964 22 1064 1068 1461 1462 24 408 839 1458 1799 1807 66 534 695 1814 362 813 1369 1584 1654 405 1048 1094 1238 1457 406 566 749 1153 1657 1864 460 577 762 1434 1452 1837 684 685 1041 1460 1568 1569 89 109 654 708 1046 1056 97 407 801 1047 1052 1055 458 1118 1582 1769 1778 1779 93 105 485 1044 459 940 1053 1054 1057 1803 697 1791 1798 1889 699 742 1450 1681 461 462 1058 1304 1754 1800 686 691 696 1051 1305 1535 1775
8 693 984 1205 356 499 844 917 773 1089 1454 1912 963 1821 1825 986 1758 1919 1968 1097 1455 1822 1823 1824 1834 1495 1789 1811 1963 2031 16 354 694 702 1132 125 333 1220 1306 196 574 947 998 1221 484 497 1374 2038 623 1130 1366 1714 1730 765 1148 1448 1474 1564 52 322 517 666 1852 1913 547 621 798 1216 1891 667 878 1846 64 65 463 1248 1725 586 701 1103 1543 1786 1898 601 1241 1503 993 1219 1747 1812 1239 1459 1567 1616 1411 1620 1735 1910 1435 1436 1566 1938
9 56 371 1075 1331 1790 73 370 1235 1236 1237 121 943 1645 1330 1333 1595 33 35 36 404 34 358 627 722 1091 1762 126 145 388 1412 1414 37 531 1626 2037 38 83 320 508 622 1444 329 1123 1208 1815 40 372 864 1066 1109 1225 1993 41 82 104 1079 1194 1437 335 955 1579 1628 374 375 599 617 1263 1760 490 632 888 1078 1203 830 1215 1711 1829 1980 1981 63 373 846 1224 1227 1332 321 334 1766 1065 1082 1226 1594 1172 1593 1988 312 1651 1987 357 1120 1530 1661 361 543 1080 1283 1662 2003 529 1362 1371 1372 1697
11 1013 1683 1922 1958 1970 26 103 545 546 824 895 1131 1213 1407 91 910 1329 1393 1632 120 521 1548 1646 1682 1733 161 592 638 1188 1303 1532 1819 179 180 195 511 997 1086 1328 1482 1531 1776 2022 512 606 894 2013 2015 2016 721 1201 1365 1404 1743 17 825 972 1570 1571 1619 1931 18 174 969 970 971 85 150 175 198 1563 1952 2001 101 187 1191 1836 1857 1863 1951 2034 156 173 176 711 720 1777 1909 162 181 1198 1472 182 183 515 689 1542 492 1361 1693 1700 1859 505 1266 1475 826 1100 1476 1544 1545 1613 1924 54 325 658 1073 1317 1367 1491 229 249 633 1377 1378 1379 1688 2014 344 716 1541 1687 559 903 957 1364 67 728 1171 1230 1253 1985 184 230 712 1732 1940 185 729 942 1129 1222 1228 1231 95 96 1285 1363 1449 350 1319 1673 502 575 643 1189 1197 250 347 348 349 1440 346 516 522 523 1547
12 1431 1432 1439 75 76 1441 1870 1933 113 1635 1840 146 395 1858 396 397 1347 1850 87 394 1351 1797 1855 142 1152 1871 1883 123 1270 1750 1947 141 902 913 1956 392 393 1804 1884 148 389 992 1787 1856 1959 205 418 494 920 1174 1298 1422 390 985 1935 1948 391 496 1841 1842 1007 1036 1276 1445 1446
14 1020 1258 1389 1685 1690 29 57 727 1218 1344 1772 1773 1879 144 682 973 1126 1274 1322 1553 317 367 468 672 1424 1728 1873 327 379 567 1127 1142 1554 1741 330 377 1481 1828 1960 1971 332 380 381 1179 359 757 1967 369 651 845 1425 1761 1854 1916 376 1243 1244 1310 1483 1496 1501 1774 1801 1868 378 383 530 1001 1502 382 500 1006 1042 1186 1323 1734 664 790 1242 1744 1961 1090 1742 1878 1944 1945 130 911 1326 1443 1520 1577 331 876 887 1408 454 962 1381 1966 471 1251 1953 1957 328 384 912 1494 1792 1990 1546 1576 1589 1696
19 1321 1395 1718 1719 39 432 1264 86 143 1478 1720 1721 112 486 676 1040 1143 147 615 941 1354 1540 1625 513 609 616 1479 527 678 687 1794 1934 548 576 629 1083 1561 1676 613 618 1498 80 428 741 1049 1050 1062 1356 429 737 794 88 419 898 1538 1907 117 1122 1537 2002 118 481 935 954 1070 423 424 475 480 483 1724 469 648 990 1315 2000 122 427 1280 1370 1939 1941 421 422 540 1539 1713 1874 426 539 851 1397 1398 1399
27 99 447 507 751 834 1979 448 552 723 736 831 1419 1420 1580 1965 1974 2036 451 452 453 495 754 755 756 852 1937 1975 2035 582 923 931 1392 1415 1465 167 168 170 538 553 1418 1901 1902 1992 169 595 744 1184 1845 1927 1972 1977 1978 446 449 1976 450 718 763 838 743 799 833 1383 1888 1983 652 930 1382 1464 2027 717 746 1386 2032
28 802 1111 1240 1267 1268 1271 1277 1629 1695 1928 809 926 1278 1279 1630 1706 1835 1899 1903 1955 2007 1105 1107 1272 1273 1562
61 363 364 488 1095 72 339 340 861 928 933 78 193 310 311 1014 1015 1338 1658 1748 1950 71 1314 1421 1663 1752 190 192 472 1664 1665 1668 1943 255 473 715 1141 1451 1573 266 268 1499 1528 1726 1746 1394 1587 1675 261 265 296 544 670 733 351 352 588 589 1490 489 610 671 1112 1167 1633 2029 154 158 209 542 1121 1262 1678 206 207 1488 1514 208 541 1139 1489 1674 267 630 810 1396 1515 2005 271 893 1469 1525 297 891 1136 1516 1518 612 892 1297 1558 1795 739 769 889 1559 166 269 896 1667 270 890 1076 1295 1550 272 278 1249 1296 273 274 1059 1115 1617 275 277 1250 1551 578 768 1038 1345 1430 1552
68 436 439 440 443 444 740 828 937 1860 1865 338 1060 1061 1260 1574 1986 110 558 593 657 668 1484 115 1074 1281 1497 1666 116 430 431 433 1282 1887 119 434 731 1522 557 725 726 1470 1684 1861 1926 899 1485 1521 1637 425 734 1731 1982 437 438 441 442 1536 1581 1808 455 510 554 1810 1881 1969 528 952 1265 1466 1691 1880 662 688 700 1954 1019 1259 1467 1647 1886 1942
77 79 555 1098 1380 92 139 298 590 829 134 135 136 138 314 343 345 409 535 560 624 628 663 812 1081 1145 1147 137 140 646 1232 342 561 585 1110 1290 1908 412 532 571 572 788 1261 607 625 789 1229 1689 81 467 597 598 1177 1816 132 201 1214 1694 1757 1788 133 253 1211 1533 1534 1660 1862 1930 177 178 225 565 782 827 897 914 977 1114 1124 1257 1716 1759 1781 1877 2017 200 491 509 1192 2026 252 673 1016 1233 1234 1477 1729 1882 1885 1984 260 1627 1875 1921 465 466 556 706 1763 493 649 785 882 999 299 849 1905 341 464 600 639 591 596 1717 770 1287 2012
84 228 1137 1217 1312 1847 226 227 307 1313 1417 1456 1866 262 264 410 474 487 781 1583 1585 413 1511 1512 634 880 1135 1138 1302 1336 1480 1802 1890 650 780 1156 669 1391 1505 677 1017 1133 1254 2011 98 186 1346 1623 2020 2021 223 786 1101 1401 224 656 787 1739 1740 1936 256 644 772 840 956 1390 635 750 1402 1601 661 771 1072 1324 1429 1869 674 747 918 1655 1818 2018 2019 1085 1128 1301 1307 1325 1602 1410 1611 1656 1670 1671 1672 1699 257 675 778 1045 1212 1715 263 608 1146 1150 1586 980 1099 1149 1764
90 647 832 1702 1911 1918 1989 300 301 445 456 753 1737 2009 302 303 304 305 306 1463 1648 1946 2024 435 841 1508 1509 1704 1783 457 504 1269 1607 581 732 735 932 961 1353 1388 1894 1929 748 784 1311 114 611 885 1622 1634 1652 276 285 470 811 924 934 958 1638 1710 283 758 760 1610 1820 284 981 1185 1357 1709 420 948 949 579 583 584 1108 1183 619 1071 1255 1624 1771 761 946 1104 1106 908 938 939 1621 258 292 759 805 806 871 953 1703 1932 326 886 1506 1575 1753 803 807 808 814 815 817 818 1033 1252 1438 821 842 865 1010 1793 1813 1817 286 293 764 905 1035 1292 1293 2004 287 816 837 870 873 884 907 1805 295 822 843 1093 1780 823 866 1556 2006 909 959 1507 1669
